13 Jun 2008,	0.978617
14 Jun 2008,	0.978617
15 Jun 2008,	0.978617
16 Jun 2008,	0.974846
17 Jun 2008,	0.979768
18 Jun 2008,	0.980392
19 Jun 2008,	0.982077
20 Jun 2008,	0.986568
21 Jun 2008,	0.986568
22 Jun 2008,	0.986568
23 Jun 2008,	0.983236
24 Jun 2008,	0.984431
25 Jun 2008,	0.986923
26 Jun 2008,	0.986923
27 Jun 2008,	0.988338
28 Jun 2008,	0.988338
29 Jun 2008,	0.988338
30 Jun 2008,	0.981696
01 Jul 2008,	0.982415
02 Jul 2008,	0.978234
03 Jul 2008,	0.989007
04 Jul 2008,	0.981075
05 Jul 2008,	0.981075
06 Jul 2008,	0.981075
07 Jul 2008,	0.980392
08 Jul 2008,	0.979665
09 Jul 2008,	0.97948
10 Jul 2008,	0.988047
11 Jul 2008,	0.989413
12 Jul 2008,	0.989413
13 Jul 2008,	0.989413
14 Jul 2008,	0.991768
15 Jul 2008,	0.99458
16 Jul 2008,	0.997705
17 Jul 2008,	0.998353
18 Jul 2008,	0.998203
19 Jul 2008,	0.998203
20 Jul 2008,	0.998203
21 Jul 2008,	0.992556
22 Jul 2008,	0.998353
23 Jul 2008,	0.990089
24 Jul 2008,	0.989364
25 Jul 2008,	0.986875
26 Jul 2008,	0.986875
27 Jul 2008,	0.986875
28 Jul 2008,	0.98561
29 Jul 2008,	0.974629
30 Jul 2008,	0.974991
31 Jul 2008,	0.97811
01 Aug 2008,	0.975848
02 Aug 2008,	0.975848
03 Aug 2008,	0.975848
04 Aug 2008,	0.973615
05 Aug 2008,	0.965764
06 Aug 2008,	0.958865
07 Aug 2008,	0.955749
08 Aug 2008,	0.950164
09 Aug 2008,	0.950164
10 Aug 2008,	0.950164
11 Aug 2008,	0.938262
12 Aug 2008,	0.935148
13 Aug 2008,	0.93791
14 Aug 2008,	0.939496
15 Aug 2008,	0.939585
16 Aug 2008,	0.939585
17 Aug 2008,	0.939585
18 Aug 2008,	0.943886
19 Aug 2008,	0.942241
20 Aug 2008,	0.941531
21 Aug 2008,	0.943931
22 Aug 2008,	0.95702
23 Aug 2008,	0.95702
24 Aug 2008,	0.95702
25 Aug 2008,	0.95577
26 Aug 2008,	0.952109
27 Aug 2008,	0.953812
28 Aug 2008,	0.95338
29 Aug 2008,	0.951117
30 Aug 2008,	0.951117
31 Aug 2008,	0.951117
01 Sep 2008,	0.936838
02 Sep 2008,	0.936154
03 Sep 2008,	0.934973
04 Sep 2008,	0.940999
05 Sep 2008,	0.940371
06 Sep 2008,	0.940371
07 Sep 2008,	0.940371
08 Sep 2008,	0.944555
09 Sep 2008,	0.934798
10 Sep 2008,	0.93769
11 Sep 2008,	0.932705
12 Sep 2008,	0.926741
13 Sep 2008,	0.926741
14 Sep 2008,	0.926741
15 Sep 2008,	0.943931
16 Sep 2008,	0.936768
17 Sep 2008,	0.933097
18 Sep 2008,	0.928665
19 Sep 2008,	0.934667
20 Sep 2008,	0.934667
21 Sep 2008,	0.934667
22 Sep 2008,	0.954791
23 Sep 2008,	0.964739
24 Sep 2008,	0.964739
25 Sep 2008,	0.964702
26 Sep 2008,	0.966697
27 Sep 2008,	0.966697
28 Sep 2008,	0.966697
29 Sep 2008,	0.968429
30 Sep 2008,	0.962835
01 Oct 2008,	0.939673
02 Oct 2008,	0.943352
03 Oct 2008,	0.927042
04 Oct 2008,	0.927042
05 Oct 2008,	0.927042
06 Oct 2008,	0.924727
07 Oct 2008,	0.908306
08 Oct 2008,	0.904797
09 Oct 2008,	0.890329
10 Oct 2008,	0.870549
11 Oct 2008,	0.870549
12 Oct 2008,	0.870549
13 Oct 2008,	0.855348
14 Oct 2008,	0.861616
15 Oct 2008,	0.863782
16 Oct 2008,	0.847529
17 Oct 2008,	0.838416
18 Oct 2008,	0.838416
19 Oct 2008,	0.838416
20 Oct 2008,	0.846238
21 Oct 2008,	0.834986
22 Oct 2008,	0.819605
23 Oct 2008,	0.819605
24 Oct 2008,	0.819605
25 Oct 2008,	0.819605
26 Oct 2008,	0.819605
27 Oct 2008,	0.781891
28 Oct 2008,	0.776572
29 Oct 2008,	0.772022
30 Oct 2008,	0.812447
31 Oct 2008,	0.82203
01 Nov 2008,	0.82203
02 Nov 2008,	0.82203
03 Nov 2008,	0.842801
04 Nov 2008,	0.869405
05 Nov 2008,	0.867058
06 Nov 2008,	0.851172
07 Nov 2008,	0.84832
08 Nov 2008,	0.84832
09 Nov 2008,	0.84832
10 Nov 2008,	0.848824
11 Nov 2008,	0.836925
12 Nov 2008,	0.829666
13 Nov 2008,	0.8142
14 Nov 2008,	0.81103
15 Nov 2008,	0.81103
16 Nov 2008,	0.81103
17 Nov 2008,	0.807885
18 Nov 2008,	0.81707
19 Nov 2008,	0.81641
20 Nov 2008,	0.808483
21 Nov 2008,	0.779114
22 Nov 2008,	0.779114
23 Nov 2008,	0.779114
24 Nov 2008,	0.789397
25 Nov 2008,	0.811359
26 Nov 2008,	0.814067
27 Nov 2008,	0.811392
28 Nov 2008,	0.809776
29 Nov 2008,	0.809776
30 Nov 2008,	0.809776
01 Dec 2008,	0.808211
02 Dec 2008,	0.807852
03 Dec 2008,	0.804473
04 Dec 2008,	0.798276
05 Dec 2008,	0.783177
06 Dec 2008,	0.783177
07 Dec 2008,	0.783177
08 Dec 2008,	0.786906
09 Dec 2008,	0.795732
10 Dec 2008,	0.794123
11 Dec 2008,	0.796273
12 Dec 2008,	0.814697
13 Dec 2008,	0.814697
14 Dec 2008,	0.814697
15 Dec 2008,	0.802439
16 Dec 2008,	0.810898
17 Dec 2008,	0.814538
18 Dec 2008,	0.828552
19 Dec 2008,	0.835579
20 Dec 2008,	0.835579
21 Dec 2008,	0.835579
22 Dec 2008,	0.822639
23 Dec 2008,	0.820698
24 Dec 2008,	0.82149
25 Dec 2008,	0.823079
26 Dec 2008,	0.823147
27 Dec 2008,	0.823147
28 Dec 2008,	0.823147
29 Dec 2008,	0.818398
30 Dec 2008,	0.819874
31 Dec 2008,	0.818404
01 Jan 2009,	0.813256
02 Jan 2009,	0.819504
03 Jan 2009,	0.819504
04 Jan 2009,	0.819504
05 Jan 2009,	0.829119
06 Jan 2009,	0.839983
07 Jan 2009,	0.844096
08 Jan 2009,	0.839137
09 Jan 2009,	0.843942
10 Jan 2009,	0.843942
11 Jan 2009,	0.843942
12 Jan 2009,	0.841468
13 Jan 2009,	0.830634
14 Jan 2009,	0.814531
15 Jan 2009,	0.806354
16 Jan 2009,	0.792343
17 Jan 2009,	0.792343
18 Jan 2009,	0.792343
19 Jan 2009,	0.802761
20 Jan 2009,	0.79923
21 Jan 2009,	0.790061
22 Jan 2009,	0.786968
23 Jan 2009,	0.791838
24 Jan 2009,	0.791838
25 Jan 2009,	0.791838
26 Jan 2009,	0.819368
27 Jan 2009,	0.818599
28 Jan 2009,	0.814133
29 Jan 2009,	0.827044
30 Jan 2009,	0.818331
31 Jan 2009,	0.818331
01 Feb 2009,	0.818331
02 Feb 2009,	0.813802
03 Feb 2009,	0.808483
04 Feb 2009,	0.812018
05 Feb 2009,	0.814797
06 Feb 2009,	0.815461
07 Feb 2009,	0.815461
08 Feb 2009,	0.815461
09 Feb 2009,	0.818666
10 Feb 2009,	0.82021
11 Feb 2009,	0.804793
12 Feb 2009,	0.802067
13 Feb 2009,	0.80289
14 Feb 2009,	0.80289
15 Feb 2009,	0.80289
16 Feb 2009,	0.80371
17 Feb 2009,	0.804441
18 Feb 2009,	0.792487
19 Feb 2009,	0.793084
20 Feb 2009,	0.796972
21 Feb 2009,	0.796972
22 Feb 2009,	0.796972
23 Feb 2009,	0.798531
24 Feb 2009,	0.799424
25 Feb 2009,	0.805338
26 Feb 2009,	0.795982
27 Feb 2009,	0.800138
28 Feb 2009,	0.800138
01 Mar 2009,	0.800138
02 Mar 2009,	0.785053
03 Mar 2009,	0.775624
04 Mar 2009,	0.774644
05 Mar 2009,	0.78232
06 Mar 2009,	0.775585
07 Mar 2009,	0.775585
08 Mar 2009,	0.775585
09 Mar 2009,	0.78061
10 Mar 2009,	0.768403
11 Mar 2009,	0.778574
12 Mar 2009,	0.778083
13 Mar 2009,	0.781244
14 Mar 2009,	0.781244
15 Mar 2009,	0.781244
16 Mar 2009,	0.784588
17 Mar 2009,	0.786402
18 Mar 2009,	0.787371
19 Mar 2009,	0.801218
20 Mar 2009,	0.804926
21 Mar 2009,	0.804926
22 Mar 2009,	0.804926
23 Mar 2009,	0.810626
24 Mar 2009,	0.817996
25 Mar 2009,	0.812282
26 Mar 2009,	0.813504
27 Mar 2009,	0.811227
28 Mar 2009,	0.811227
29 Mar 2009,	0.811227
30 Mar 2009,	0.803161
31 Mar 2009,	0.792258
01 Apr 2009,	0.793399
02 Apr 2009,	0.789733
03 Apr 2009,	0.807754
04 Apr 2009,	0.807754
05 Apr 2009,	0.807754
06 Apr 2009,	0.81473
07 Apr 2009,	0.806842
08 Apr 2009,	0.807696
09 Apr 2009,	0.814759
10 Apr 2009,	0.814759
11 Apr 2009,	0.814759
12 Apr 2009,	0.814759
13 Apr 2009,	0.813339
14 Apr 2009,	0.826898
15 Apr 2009,	0.830595
16 Apr 2009,	0.830875
17 Apr 2009,	0.830875
18 Apr 2009,	0.830875
19 Apr 2009,	0.830875
20 Apr 2009,	0.824776
21 Apr 2009,	0.807396
22 Apr 2009,	0.81077
23 Apr 2009,	0.806699
24 Apr 2009,	0.806699
25 Apr 2009,	0.806699
26 Apr 2009,	0.806699
27 Apr 2009,	0.825457
28 Apr 2009,	0.819884
29 Apr 2009,	0.820412
30 Apr 2009,	0.831241
01 May 2009,	0.837065
02 May 2009,	0.837065
03 May 2009,	0.837065
04 May 2009,	0.843384
05 May 2009,	0.849542
06 May 2009,	0.850568
07 May 2009,	0.850568
08 May 2009,	0.854555
09 May 2009,	0.868961
10 May 2009,	0.868961
11 May 2009,	0.869452
12 May 2009,	0.861401
13 May 2009,	0.863306
14 May 2009,	0.851535
15 May 2009,	0.853461
16 May 2009,	0.85408
17 May 2009,	0.85408
18 May 2009,	0.849474
19 May 2009,	0.858811
20 May 2009,	0.864521
21 May 2009,	0.875937
22 May 2009,	0.890025
23 May 2009,	0.890025
24 May 2009,	0.890025
25 May 2009,	0.892061
26 May 2009,	0.88851
27 May 2009,	0.892303
28 May 2009,	0.899535
29 May 2009,	0.894779
30 May 2009,	0.894779
31 May 2009,	0.894779
01 Jun 2009,	0.919604
02 Jun 2009,	0.916632
03 Jun 2009,	0.924471
04 Jun 2009,	0.904895
05 Jun 2009,	0.908802
06 Jun 2009,	0.908802
07 Jun 2009,	0.908802
08 Jun 2009,	0.893575
09 Jun 2009,	0.897585
10 Jun 2009,	0.90559
11 Jun 2009,	0.901969
12 Jun 2009,	0.90996
13 Jun 2009,	0.90996
14 Jun 2009,	0.90996
15 Jun 2009,	0.894614
16 Jun 2009,	0.880359
17 Jun 2009,	0.88169
18 Jun 2009,	0.887057
19 Jun 2009,	0.885905
20 Jun 2009,	0.885905
21 Jun 2009,	0.885905
22 Jun 2009,	0.879275
23 Jun 2009,	0.866664
24 Jun 2009,	0.869497
25 Jun 2009,	0.865643
26 Jun 2009,	0.862813
27 Jun 2009,	0.867227
28 Jun 2009,	0.862813
29 Jun 2009,	0.867227
30 Jun 2009,	0.864192
01 Jul 2009,	0.864192
02 Jul 2009,	0.870097
03 Jul 2009,	0.86385
04 Jul 2009,	0.86385
05 Jul 2009,	0.86385
06 Jul 2009,	0.860733
07 Jul 2009,	0.860733
08 Jul 2009,	0.857229
09 Jul 2009,	0.855176
10 Jul 2009,	0.861289
11 Jul 2009,	0.860748
12 Jul 2009,	0.859402
13 Jul 2009,	0.859753
14 Jul 2009,	0.867769
15 Jul 2009,	0.881679
16 Jul 2009,	0.896298
17 Jul 2009,	0.893815
18 Jul 2009,	0.896146
19 Jul 2009,	0.897022
20 Jul 2009,	0.89674
21 Jul 2009,	0.903628
22 Jul 2009,	0.901555
23 Jul 2009,	0.910486
24 Jul 2009,	0.919709
25 Jul 2009,	0.921786
26 Jul 2009,	0.920387
27 Jul 2009,	0.920387
28 Jul 2009,	0.923745
29 Jul 2009,	0.919299
30 Jul 2009,	0.916884
31 Jul 2009,	0.923873
01 Aug 2009,	0.927515
02 Aug 2009,	0.926956
03 Aug 2009,	0.926956
04 Aug 2009,	0.937484
05 Aug 2009,	0.929735
06 Aug 2009,	0.935016
07 Aug 2009,	0.928936
08 Aug 2009,	0.92366
09 Aug 2009,	0.923404
10 Aug 2009,	0.923404
11 Aug 2009,	0.915164
12 Aug 2009,	0.908839
13 Aug 2009,	0.918611
14 Aug 2009,	0.919384
15 Aug 2009,	0.910167
16 Aug 2009,	0.910167
17 Aug 2009,	0.902657
18 Aug 2009,	0.903751
19 Aug 2009,	0.906577
20 Aug 2009,	0.913305
21 Aug 2009,	0.919202
22 Aug 2009,	0.922978
23 Aug 2009,	0.923958
24 Aug 2009,	0.923958
25 Aug 2009,	0.928505
26 Aug 2009,	0.921404
27 Aug 2009,	0.909906
28 Aug 2009,	0.916238
29 Aug 2009,	0.918147
30 Aug 2009,	0.916128
31 Aug 2009,	0.916128
01 Sep 2009,	0.915478
02 Sep 2009,	0.905563
03 Sep 2009,	0.904445
04 Sep 2009,	0.906742
05 Sep 2009,	0.920984
06 Sep 2009,	0.911743
07 Sep 2009,	0.921786
08 Sep 2009,	0.928634
09 Sep 2009,	0.928721
10 Sep 2009,	0.926226
11 Sep 2009,	0.927111
12 Sep 2009,	0.929286
13 Sep 2009,	0.927859
14 Sep 2009,	0.927128
15 Sep 2009,	0.920734
16 Sep 2009,	0.931706
17 Sep 2009,	0.936023
18 Sep 2009,	0.939395
19 Sep 2009,	0.933532
20 Sep 2009,	0.93362
21 Sep 2009,	0.93362
22 Sep 2009,	0.927171
23 Sep 2009,	0.935174
24 Sep 2009,	0.934099
25 Sep 2009,	0.91659
26 Sep 2009,	0.91462
27 Sep 2009,	0.916212
28 Sep 2009,	0.916212
29 Sep 2009,	0.919244
30 Sep 2009,	0.922016
01 Oct 2009,	0.93541
02 Oct 2009,	0.925583
03 Oct 2009,	0.925283
04 Oct 2009,	0.923788
05 Oct 2009,	0.923788
06 Oct 2009,	0.931749
07 Oct 2009,	0.945104
08 Oct 2009,	0.941531
09 Oct 2009,	0.949834
10 Oct 2009,	0.958359
11 Oct 2009,	0.959693
12 Oct 2009,	0.959693
13 Oct 2009,	0.967413
14 Oct 2009,	0.970167
15 Oct 2009,	0.973047
16 Oct 2009,	0.968335
17 Oct 2009,	0.963855
18 Oct 2009,	0.964878
19 Oct 2009,	0.964878
20 Oct 2009,	0.970403
21 Oct 2009,	0.953039
22 Oct 2009,	0.961677
23 Oct 2009,	0.953698
24 Oct 2009,	0.95143
25 Oct 2009,	0.949307
26 Oct 2009,	0.949307
27 Oct 2009,	0.940468
28 Oct 2009,	0.939161
29 Oct 2009,	0.927394
30 Oct 2009,	0.936847
31 Oct 2009,	0.926097
01 Nov 2009,	0.921956
02 Nov 2009,	0.921956
03 Nov 2009,	0.930925
04 Nov 2009,	0.934492
05 Nov 2009,	0.938835
06 Nov 2009,	0.938394
07 Nov 2009,	0.934798
08 Nov 2009,	0.92993
09 Nov 2009,	0.92993
10 Nov 2009,	0.946566
11 Nov 2009,	0.950927
12 Nov 2009,	0.9547
13 Nov 2009,	0.949478
14 Nov 2009,	0.951665
15 Nov 2009,	0.950525
16 Nov 2009,	0.950525
17 Nov 2009,	0.956206
18 Nov 2009,	0.943841
19 Nov 2009,	0.95249
20 Nov 2009,	0.938394
21 Nov 2009,	0.934012
22 Nov 2009,	0.934754
23 Nov 2009,	0.934754
24 Nov 2009,	0.94767
25 Nov 2009,	0.942774
26 Nov 2009,	0.9522
27 Nov 2009,	0.942551
28 Nov 2009,	0.941349
29 Nov 2009,	0.942063
30 Nov 2009,	0.942063
01 Dec 2009,	0.944724
02 Dec 2009,	0.958607
03 Dec 2009,	0.954335
04 Dec 2009,	0.948857
05 Dec 2009,	0.950475
06 Dec 2009,	0.94518
07 Dec 2009,	0.94518
08 Dec 2009,	0.951249
09 Dec 2009,	0.943396
10 Dec 2009,	0.947553
11 Dec 2009,	0.950525
12 Dec 2009,	0.945448
13 Dec 2009,	0.943263
14 Dec 2009,	0.943263
15 Dec 2009,	0.943218
16 Dec 2009,	0.941797
17 Dec 2009,	0.945001
18 Dec 2009,	0.933576
19 Dec 2009,	0.935878
20 Dec 2009,	0.938042
21 Dec 2009,	0.938042
22 Dec 2009,	0.944002
23 Dec 2009,	0.94697
24 Dec 2009,	0.954818
25 Dec 2009,	0.953516
26 Dec 2009,	0.953016
27 Dec 2009,	0.953062
28 Dec 2009,	0.953062
29 Dec 2009,	0.958603
30 Dec 2009,	0.959417
31 Dec 2009,	0.949208
01 Jan 2010,	0.955311
02 Jan 2010,	0.949532
03 Jan 2010,	0.949532
04 Jan 2010,	0.949532
05 Jan 2010,	0.963377
06 Jan 2010,	0.961904
07 Jan 2010,	0.96767
08 Jan 2010,	0.966137
09 Jan 2010,	0.966277
10 Jan 2010,	0.970638
11 Jan 2010,	0.970638
12 Jan 2010,	0.969288
13 Jan 2010,	0.963855
14 Jan 2010,	0.967876
15 Jan 2010,	0.974469
16 Jan 2010,	0.972101
17 Jan 2010,	0.971723
18 Jan 2010,	0.971723
19 Jan 2010,	0.975134
20 Jan 2010,	0.968429
21 Jan 2010,	0.954381
22 Jan 2010,	0.953998
23 Jan 2010,	0.947508
24 Jan 2010,	0.945626
25 Jan 2010,	0.945626
26 Jan 2010,	0.9441
27 Jan 2010,	0.94304
28 Jan 2010,	0.938086
29 Jan 2010,	0.939496
30 Jan 2010,	0.93835
31 Jan 2010,	0.93423
01 Feb 2010,	0.93423
02 Feb 2010,	0.938632
03 Feb 2010,	0.942685
04 Feb 2010,	0.942578
05 Feb 2010,	0.932244
06 Feb 2010,	0.932149
07 Feb 2010,	0.934317
08 Feb 2010,	0.934317
09 Feb 2010,	0.934842
10 Feb 2010,	0.936417
11 Feb 2010,	0.937374
12 Feb 2010,	0.95048
13 Feb 2010,	0.949487
14 Feb 2010,	0.950968
15 Feb 2010,	0.950968
16 Feb 2010,	0.954016
17 Feb 2010,	0.958782
18 Feb 2010,	0.956114
19 Feb 2010,	0.956764
20 Feb 2010,	0.957488
21 Feb 2010,	0.961908
22 Feb 2010,	0.961908
23 Feb 2010,	0.958901
24 Feb 2010,	0.951556
25 Feb 2010,	0.947867
26 Feb 2010,	0.936672
27 Feb 2010,	0.950561
28 Feb 2010,	0.950751
01 Mar 2010,	0.950751
02 Mar 2010,	0.959463
03 Mar 2010,	0.96841
04 Mar 2010,	0.971997
05 Mar 2010,	0.969932
06 Mar 2010,	0.972271
07 Mar 2010,	0.971308
08 Mar 2010,	0.971308
09 Mar 2010,	0.971817
10 Mar 2010,	0.974754
11 Mar 2010,	0.975991
12 Mar 2010,	0.974184
13 Mar 2010,	0.982145
14 Mar 2010,	0.981065
15 Mar 2010,	0.981065
16 Mar 2010,	0.978857
17 Mar 2010,	0.985134
18 Mar 2010,	0.990403
19 Mar 2010,	0.986407
20 Mar 2010,	0.986096
21 Mar 2010,	0.986096
22 Mar 2010,	0.983091
23 Mar 2010,	0.980969
24 Mar 2010,	0.982791
25 Mar 2010,	0.975524
26 Mar 2010,	0.981643
27 Mar 2010,	0.971326
28 Mar 2010,	0.973994
29 Mar 2010,	0.973994
30 Mar 2010,	0.979681
31 Mar 2010,	0.98174
01 Apr 2010,	0.985309
02 Apr 2010,	0.991591
03 Apr 2010,	0.989609
04 Apr 2010,	0.989022
05 Apr 2010,	0.989022
06 Apr 2010,	0.997039
07 Apr 2010,	0.998821
08 Apr 2010,	0.998482
09 Apr 2010,	0.997108
10 Apr 2010,	0.993739
11 Apr 2010,	0.997208
12 Apr 2010,	0.997208
13 Apr 2010,	0.997506
14 Apr 2010,	0.998502
15 Apr 2010,	1.001813
16 Apr 2010,	0.998702
17 Apr 2010,	0.984329
18 Apr 2010,	0.987167
19 Apr 2010,	0.987167
20 Apr 2010,	0.981643
21 Apr 2010,	1.002305
22 Apr 2010,	1.001412
23 Apr 2010,	1.000791
24 Apr 2010,	0.997287
25 Apr 2010,	1.000901
26 Apr 2010,	1.000901
27 Apr 2010,	0.999001
28 Apr 2010,	0.987342
29 Apr 2010,	0.988054
30 Apr 2010,	0.995818
01 May 2010,	0.983942
02 May 2010,	0.982415
03 May 2010,	0.982415
04 May 2010,	0.988435
05 May 2010,	0.976944
06 May 2010,	0.973151
07 May 2010,	0.954481
08 May 2010,	0.959978
09 May 2010,	0.959978
10 May 2010,	0.966389
11 May 2010,	0.97561
12 May 2010,	0.984058
13 May 2010,	0.980854
14 May 2010,	0.98529
15 May 2010,	0.967773
16 May 2010,	0.966314
17 May 2010,	0.966314
18 May 2010,	0.962705
19 May 2010,	0.963298
20 May 2010,	0.955
21 May 2010,	0.934143
22 May 2010,	0.94201
23 May 2010,	0.943396
24 May 2010,	0.943396
25 May 2010,	0.944947
26 May 2010,	0.925763
27 May 2010,	0.942241
28 May 2010,	0.951728
29 May 2010,	0.951475
30 May 2010,	0.948416
31 May 2010,	0.948416
01 Jun 2010,	0.955657
02 Jun 2010,	0.954927
03 Jun 2010,	0.961076
04 Jun 2010,	0.958212
05 Jun 2010,	0.948407
06 Jun 2010,	0.941478
07 Jun 2010,	0.941478
08 Jun 2010,	0.948677
09 Jun 2010,	0.948686
10 Jun 2010,	0.959693
11 Jun 2010,	0.969368
12 Jun 2010,	0.963391
13 Jun 2010,	0.968429
14 Jun 2010,	0.968054
15 Jun 2010,	0.96965
16 Jun 2010,	0.973217
17 Jun 2010,	0.976276
18 Jun 2010,	0.971817
19 Jun 2010,	0.978636
20 Jun 2010,	0.979154
21 Jun 2010,	0.97924
22 Jun 2010,	0.977718
23 Jun 2010,	0.977422
24 Jun 2010,	0.961354
25 Jun 2010,	0.962455
26 Jun 2010,	0.964878
27 Jun 2010,	0.965792
28 Jun 2010,	0.965531
29 Jun 2010,	0.965717
30 Jun 2010,	0.947957
01 Jul 2010,	0.941265
02 Jul 2010,	0.943014
03 Jul 2010,	0.939408
04 Jul 2010,	0.940291
05 Jul 2010,	0.940734
06 Jul 2010,	0.938967
07 Jul 2010,	0.947885
08 Jul 2010,	0.953198
09 Jul 2010,	0.956929
10 Jul 2010,	0.967867
11 Jul 2010,	0.967212
12 Jul 2010,	0.967212
13 Jul 2010,	0.964804
14 Jul 2010,	0.966922
15 Jul 2010,	0.968598
16 Jul 2010,	0.962112
17 Jul 2010,	0.949127
18 Jul 2010,	0.945537
19 Jul 2010,	0.94518
20 Jul 2010,	0.947212
21 Jul 2010,	0.955028
22 Jul 2010,	0.960513
23 Jul 2010,	0.963308
24 Jul 2010,	0.963475
25 Jul 2010,	0.965531
26 Jul 2010,	0.964729
27 Jul 2010,	0.968556
28 Jul 2010,	0.963763
29 Jul 2010,	0.965237
30 Jul 2010,	0.965251
31 Jul 2010,	0.970959
01 Aug 2010,	0.972384
02 Aug 2010,	0.970874
03 Aug 2010,	0.977326
04 Aug 2010,	0.976839
05 Aug 2010,	0.980575
06 Aug 2010,	0.984252
07 Aug 2010,	0.97143
08 Aug 2010,	0.972763
09 Aug 2010,	0.973615
10 Aug 2010,	0.973568
11 Aug 2010,	0.964227
12 Aug 2010,	0.955201
13 Aug 2010,	0.957506
14 Aug 2010,	0.962094
15 Aug 2010,	0.960246
16 Aug 2010,	0.960246
17 Aug 2010,	0.958121
18 Aug 2010,	0.969086
19 Aug 2010,	0.972195
20 Aug 2010,	0.962094
21 Aug 2010,	0.952653
22 Aug 2010,	0.954563
23 Aug 2010,	0.954198
24 Aug 2010,	0.949415
25 Aug 2010,	0.943396
26 Aug 2010,	0.942614
27 Aug 2010,	0.947688
28 Aug 2010,	0.947876
29 Aug 2010,	0.950245
30 Aug 2010,	0.951475
31 Aug 2010,	0.945358
01 Sep 2010,	0.939311
02 Sep 2010,	0.951746
03 Sep 2010,	0.947715
04 Sep 2010,	0.961825
05 Sep 2010,	0.962371
06 Sep 2010,	0.962186
07 Sep 2010,	0.966492
08 Sep 2010,	0.956572
09 Sep 2010,	0.96432
10 Sep 2010,	0.966837
11 Sep 2010,	0.965214
12 Sep 2010,	0.964227
13 Sep 2010,	0.964227
14 Sep 2010,	0.973245
15 Sep 2010,	0.97371
16 Sep 2010,	0.974232
17 Sep 2010,	0.972573
18 Sep 2010,	0.970309
19 Sep 2010,	0.96768
20 Sep 2010,	0.969556
21 Sep 2010,	0.972857
22 Sep 2010,	0.969434
23 Sep 2010,	0.968823
24 Sep 2010,	0.970214
25 Sep 2010,	0.973805
26 Sep 2010,	0.976372
27 Sep 2010,	0.976372
28 Sep 2010,	0.974374
29 Sep 2010,	0.971638
30 Sep 2010,	0.96918
01 Oct 2010,	0.97078
02 Oct 2010,	0.979058
03 Oct 2010,	0.980008
04 Oct 2010,	0.980008
05 Oct 2010,	0.977498
06 Oct 2010,	0.983091
07 Oct 2010,	0.990599
08 Oct 2010,	0.982685
09 Oct 2010,	0.986991
10 Oct 2010,	0.989609
11 Oct 2010,	0.989609
12 Oct 2010,	0.986952
13 Oct 2010,	0.988631
14 Oct 2010,	0.997009
15 Oct 2010,	0.995302
16 Oct 2010,	0.989286
17 Oct 2010,	0.990099
18 Oct 2010,	0.990099
19 Oct 2010,	0.984465
20 Oct 2010,	0.96965
21 Oct 2010,	0.977231
22 Oct 2010,	0.97334
23 Oct 2010,	0.974184
24 Oct 2010,	0.974659
25 Oct 2010,	0.974659
26 Oct 2010,	0.980363
27 Oct 2010,	0.976486
28 Oct 2010,	0.968054
29 Oct 2010,	0.981374
30 Oct 2010,	0.982318
31 Oct 2010,	0.981643
01 Nov 2010,	0.981643
02 Nov 2010,	0.984998
03 Nov 2010,	0.990668
04 Nov 2010,	0.989727
05 Nov 2010,	0.997307
06 Nov 2010,	1.0006
07 Nov 2010,	0.9998
08 Nov 2010,	0.9998
09 Nov 2010,	0.997009
10 Nov 2010,	0.99989
11 Nov 2010,	0.998074
12 Nov 2010,	0.99455
13 Nov 2010,	0.991473
14 Nov 2010,	0.987849
15 Nov 2010,	0.987849
16 Nov 2010,	0.993552
17 Nov 2010,	0.97682
18 Nov 2010,	0.979336
19 Nov 2010,	0.982531
20 Nov 2010,	0.980017
21 Nov 2010,	0.982444
22 Nov 2010,	0.983187
23 Nov 2010,	0.981296
24 Nov 2010,	0.975343
25 Nov 2010,	0.988621
26 Nov 2010,	0.991965
27 Nov 2010,	0.97972
28 Nov 2010,	0.97972
29 Nov 2010,	0.979432
30 Nov 2010,	0.977231
01 Dec 2010,	0.973425
02 Dec 2010,	0.996419
03 Dec 2010,	0.99553
04 Dec 2010,	0.993907
05 Dec 2010,	0.997009
06 Dec 2010,	0.997009
07 Dec 2010,	0.993453
08 Dec 2010,	0.990688
09 Dec 2010,	0.990001
10 Dec 2010,	0.990099
11 Dec 2010,	0.990688
12 Dec 2010,	0.990099
13 Dec 2010,	0.990099
14 Dec 2010,	0.995441
15 Dec 2010,	0.994036
16 Dec 2010,	0.996115
17 Dec 2010,	0.994036
18 Dec 2010,	0.987167
19 Dec 2010,	0.987167
20 Dec 2010,	0.987167
21 Dec 2010,	0.982222
22 Dec 2010,	0.982608
23 Dec 2010,	0.984252
24 Dec 2010,	0.99112
25 Dec 2010,	0.994125
26 Dec 2010,	0.99167
27 Dec 2010,	0.99167
28 Dec 2010,	0.991473
29 Dec 2010,	0.99942
30 Dec 2010,	0.9998
31 Dec 2010,	0.999021
01 Jan 2011,	1.00547
02 Jan 2011,	1.002004
03 Jan 2011,	1.002004
04 Jan 2011,	1.009591
05 Jan 2011,	1.001091
06 Jan 2011,	1.005399
07 Jan 2011,	1.004319
08 Jan 2011,	1.006543
09 Jan 2011,	1.007455
10 Jan 2011,	1.006441
11 Jan 2011,	1.006847
12 Jan 2011,	1.009928
13 Jan 2011,	1.013746
14 Jan 2011,	1.013171
15 Jan 2011,	1.010591
16 Jan 2011,	1.010611
17 Jan 2011,	1.010611
18 Jan 2011,	1.013192
19 Jan 2011,	1.00896
20 Jan 2011,	1.006137
21 Jan 2011,	0.99949
22 Jan 2011,	1.005975
23 Jan 2011,	1.005834
24 Jan 2011,	1.005834
25 Jan 2011,	1.006776
26 Jan 2011,	1.000931
27 Jan 2011,	1.00452
28 Jan 2011,	1.005035
29 Jan 2011,	1.000891
30 Jan 2011,	0.998901
31 Jan 2011,	0.998901
01 Feb 2011,	0.996532
02 Feb 2011,	1.007953
03 Feb 2011,	1.011542
04 Feb 2011,	1.009591
05 Feb 2011,	1.010611
06 Feb 2011,	1.012658
07 Feb 2011,	1.012658
08 Feb 2011,	1.012064
09 Feb 2011,	1.009184
10 Feb 2011,	1.00553
11 Feb 2011,	1.004823
12 Feb 2011,	1.009693
13 Feb 2011,	1.011736
14 Feb 2011,	1.011736
15 Feb 2011,	1.012136
16 Feb 2011,	1.01146
17 Feb 2011,	1.013973
18 Feb 2011,	1.01624
19 Feb 2011,	1.017511
20 Feb 2011,	1.013582
21 Feb 2011,	1.013582
22 Feb 2011,	1.016033
23 Feb 2011,	1.013993
24 Feb 2011,	1.007587
25 Feb 2011,	1.01595
26 Feb 2011,	1.019077
27 Feb 2011,	1.019077
28 Feb 2011,	1.022599
01 Mar 2011,	1.025967
02 Mar 2011,	1.026705
03 Mar 2011,	1.027538
04 Mar 2011,	1.025525
05 Mar 2011,	1.029548
06 Mar 2011,	1.028807
07 Mar 2011,	1.027749
08 Mar 2011,	1.026494
09 Mar 2011,	1.029071
10 Mar 2011,	1.032013
11 Mar 2011,	1.026694
14 Mar 2011,	1.028912
15 Mar 2011,	1.025115
16 Mar 2011,	1.017594
17 Mar 2011,	1.009275
18 Mar 2011,	1.013284
19 Mar 2011,	1.016033
20 Mar 2011,	1.016033
21 Mar 2011,	1.016033
22 Mar 2011,	1.023123
23 Mar 2011,	1.020721
24 Mar 2011,	1.020106
25 Mar 2011,	1.023227
26 Mar 2011,	1.023227
27 Mar 2011,	1.023227
28 Mar 2011,	1.023227
29 Mar 2011,	1.023856
30 Mar 2011,	1.024706
31 Mar 2011,	1.029739
01 Apr 2011,	1.030715
02 Apr 2011,	1.037226
03 Apr 2011,	1.036914
04 Apr 2011,	1.03799
05 Apr 2011,	1.032748
06 Apr 2011,	1.037883
07 Apr 2011,	1.042644
08 Apr 2011,	1.042427
09 Apr 2011,	1.045916
10 Apr 2011,	1.045369
11 Apr 2011,	1.045369
12 Apr 2011,	1.045806
13 Apr 2011,	1.040583
14 Apr 2011,	1.036495
15 Apr 2011,	1.039512
16 Apr 2011,	1.041526
17 Apr 2011,	1.041667
18 Apr 2011,	1.041612
19 Apr 2011,	1.033602
20 Apr 2011,	1.045795
21 Apr 2011,	1.047318
22 Apr 2011,	1.048768
23 Apr 2011,	1.047889
24 Apr 2011,	1.04712
25 Apr 2011,	1.04712
26 Apr 2011,	1.047889
27 Apr 2011,	1.050111
28 Apr 2011,	1.04923
29 Apr 2011,	1.052831
30 Apr 2011,	1.055966
01 May 2011,	1.057753
02 May 2011,	1.057753
03 May 2011,	1.053741
04 May 2011,	1.049759
05 May 2011,	1.044496
06 May 2011,	1.033699
07 May 2011,	1.03372
08 May 2011,	1.034768
09 May 2011,	1.036055
10 May 2011,	1.037323
11 May 2011,	1.041764
12 May 2011,	1.038745
13 May 2011,	1.039501
14 May 2011,	1.030524
15 May 2011,	1.032951
16 May 2011,	1.032951
17 May 2011,	1.027876
18 May 2011,	1.025431
19 May 2011,	1.028912
20 May 2011,	1.032951
21 May 2011,	1.029866
22 May 2011,	1.026799
23 May 2011,	1.026799
24 May 2011,	1.022171
25 May 2011,	1.022401
26 May 2011,	1.022966
27 May 2011,	1.021242
28 May 2011,	1.023856
29 May 2011,	1.023123
30 May 2011,	1.023123
31 May 2011,	1.023541
01 Jun 2011,	1.032077
02 Jun 2011,	1.026357
03 Jun 2011,	1.02459
04 Jun 2011,	1.024821
05 Jun 2011,	1.022599
06 Jun 2011,	1.022599
07 Jun 2011,	1.020179
08 Jun 2011,	1.026589
09 Jun 2011,	1.021211
10 Jun 2011,	1.026778
11 Jun 2011,	1.021952
12 Jun 2011,	1.020408
13 Jun 2011,	1.020408
14 Jun 2011,	1.022296
15 Jun 2011,	1.033143
16 Jun 2011,	1.017915
17 Jun 2011,	1.014837
18 Jun 2011,	1.018953
19 Jun 2011,	1.021138
20 Jun 2011,	1.021138
21 Jun 2011,	1.020939
22 Jun 2011,	1.027327
23 Jun 2011,	1.028595
24 Jun 2011,	1.018745
25 Jun 2011,	1.015022
26 Jun 2011,	1.011941
27 Jun 2011,	1.011941
28 Jun 2011,	1.012043
29 Jun 2011,	1.01686
30 Jun 2011,	1.030184
01 Jul 2011,	1.037355
02 Jul 2011,	1.041526
03 Jul 2011,	1.043188
04 Jul 2011,	1.043188
05 Jul 2011,	1.041309
06 Jul 2011,	1.04132
07 Jul 2011,	1.03584
08 Jul 2011,	1.042318
09 Jul 2011,	1.038853
10 Jul 2011,	1.04015
11 Jul 2011,	1.04015
12 Jul 2011,	1.032642
13 Jul 2011,	1.035572
14 Jul 2011,	1.041764
15 Jul 2011,	1.042459
16 Jul 2011,	1.047449
17 Jul 2011,	1.048768
18 Jul 2011,	1.048768
19 Jul 2011,	1.041732
20 Jul 2011,	1.05241
21 Jul 2011,	1.056089
22 Jul 2011,	1.058291
23 Jul 2011,	1.053297
24 Jul 2011,	1.054407
25 Jul 2011,	1.054407
26 Jul 2011,	1.058067
27 Jul 2011,	1.06076
28 Jul 2011,	1.053952
29 Jul 2011,	1.05363
30 Jul 2011,	1.046124
31 Jul 2011,	1.047011
01 Aug 2011,	1.047011
02 Aug 2011,	1.044517
03 Aug 2011,	1.041515
04 Aug 2011,	1.039361
05 Aug 2011,	1.023206
06 Aug 2011,	1.02373
07 Aug 2011,	1.01916
08 Aug 2011,	1.01916
09 Aug 2011,	1.010785
10 Aug 2011,	1.008065
11 Aug 2011,	1.011941
12 Aug 2011,	1.010305
13 Aug 2011,	1.010622
14 Aug 2011,	1.009082
15 Aug 2011,	1.009082
16 Aug 2011,	1.017294
17 Aug 2011,	1.017656
18 Aug 2011,	1.019493
19 Aug 2011,	1.008787
20 Aug 2011,	1.012443
21 Aug 2011,	1.009897
22 Aug 2011,	1.009897
23 Aug 2011,	1.009907
24 Aug 2011,	1.009469
25 Aug 2011,	1.012023
26 Aug 2011,	1.014199
27 Aug 2011,	1.01626
28 Aug 2011,	1.019368
29 Aug 2011,	1.017315
30 Aug 2011,	1.021263
31 Aug 2011,	1.021315
01 Sep 2011,	1.02238
02 Sep 2011,	1.023887
03 Sep 2011,	1.01657
04 Sep 2011,	1.01461
05 Sep 2011,	1.01461
06 Sep 2011,	1.008888
07 Sep 2011,	1.010918
08 Sep 2011,	1.012658
09 Sep 2011,	1.011736
10 Sep 2011,	1.003583
11 Sep 2011,	1.00311
12 Sep 2011,	1.00311
13 Sep 2011,	1.003391
14 Sep 2011,	1.011429
15 Sep 2011,	1.009693
16 Sep 2011,	1.015858
17 Sep 2011,	1.020387
19 Sep 2011,	1.022599
20 Sep 2011,	1.008369
21 Sep 2011,	1.008644
22 Sep 2011,	1.001753
23 Sep 2011,	0.969556
24 Sep 2011,	0.972384
25 Sep 2011,	0.972857
26 Sep 2011,	0.972857
27 Sep 2011,	0.968326
28 Sep 2011,	0.984441
29 Sep 2011,	0.972016
30 Sep 2011,	0.964711
01 Oct 2011,	0.961673
02 Oct 2011,	0.953062
03 Oct 2011,	0.952744
04 Oct 2011,	0.954745
05 Oct 2011,	0.943752
06 Oct 2011,	0.956283
07 Oct 2011,	0.959039
08 Oct 2011,	0.962742
09 Oct 2011,	0.962464
10 Oct 2011,	0.962464
11 Oct 2011,	0.97352
12 Oct 2011,	0.970751
13 Oct 2011,	0.985513
14 Oct 2011,	0.977316
15 Oct 2011,	0.985693
16 Oct 2011,	0.989707
17 Oct 2011,	0.990589
18 Oct 2011,	0.982898
19 Oct 2011,	0.984049
20 Oct 2011,	0.988025
21 Oct 2011,	0.984426
22 Oct 2011,	0.990207
23 Oct 2011,	0.993197
24 Oct 2011,	0.993197
25 Oct 2011,	0.995927
26 Oct 2011,	0.985902
27 Oct 2011,	0.990609
28 Oct 2011,	1.006654
29 Oct 2011,	1.006016
01 Nov 2011,	1.003402
02 Nov 2011,	0.981532
03 Nov 2011,	0.986412
04 Nov 2011,	0.990197
05 Nov 2011,	0.980854
06 Nov 2011,	0.982029
07 Nov 2011,	0.981595
08 Nov 2011,	0.982434
09 Nov 2011,	0.986466
10 Nov 2011,	0.98356
11 Nov 2011,	0.98121
12 Nov 2011,	0.987752
13 Nov 2011,	0.989805
14 Nov 2011,	0.989805
15 Nov 2011,	0.982241
16 Nov 2011,	0.97683
17 Nov 2011,	0.979681
18 Nov 2011,	0.977231
19 Nov 2011,	0.97426
20 Nov 2011,	0.97352
21 Nov 2011,	0.97353
22 Nov 2011,	0.962385
23 Nov 2011,	0.964218
24 Nov 2011,	0.953834
25 Nov 2011,	0.954727
26 Nov 2011,	0.953834
27 Nov 2011,	0.953016
28 Nov 2011,	0.953016
29 Nov 2011,	0.967876
30 Nov 2011,	0.970968
01 Dec 2011,	0.980657
02 Dec 2011,	0.982415
03 Dec 2011,	0.983961
04 Dec 2011,	0.982029
05 Dec 2011,	0.982029
06 Dec 2011,	0.985989
07 Dec 2011,	0.987947
08 Dec 2011,	0.988641
09 Dec 2011,	0.98058
10 Dec 2011,	0.97995
11 Dec 2011,	0.982608
12 Dec 2011,	0.982608
13 Dec 2011,	0.972838
14 Dec 2011,	0.971808
15 Dec 2011,	0.961955
16 Dec 2011,	0.966128
17 Dec 2011,	0.963215
18 Dec 2011,	0.963948
19 Dec 2011,	0.963948
20 Dec 2011,	0.964785
21 Dec 2011,	0.971912
22 Dec 2011,	0.97144
23 Dec 2011,	0.979048
24 Dec 2011,	0.98056
25 Dec 2011,	0.9802
26 Dec 2011,	0.9802
27 Dec 2011,	0.977422
28 Dec 2011,	0.979912
29 Dec 2011,	0.976849
30 Dec 2011,	0.978751
31 Dec 2011,	0.983091
01 Jan 2012,	0.978857
02 Jan 2012,	0.978857
03 Jan 2012,	0.979528
04 Jan 2012,	0.990099
05 Jan 2012,	0.986675
06 Jan 2012,	0.980286
07 Jan 2012,	0.977135
08 Jan 2012,	0.973047
09 Jan 2012,	0.973047
10 Jan 2012,	0.973302
11 Jan 2012,	0.984252
12 Jan 2012,	0.981258
13 Jan 2012,	0.980565
14 Jan 2012,	0.976811
15 Jan 2012,	0.97766
16 Jan 2012,	0.97766
17 Jan 2012,	0.982222
18 Jan 2012,	0.986777
19 Jan 2012,	0.98668
20 Jan 2012,	0.990354
21 Jan 2012,	0.985707
24 Jan 2012,	0.992359
25 Jan 2012,	0.989981
26 Jan 2012,	0.987567
27 Jan 2012,	1.001292
28 Jan 2012,	0.999016
31 Jan 2012,	0.995847
01 Feb 2012,	0.994926
02 Feb 2012,	1.0031
03 Feb 2012,	1.001001
04 Feb 2012,	1.00545
05 Feb 2012,	1.00634
06 Feb 2012,	1.005733
07 Feb 2012,	1.003714
08 Feb 2012,	1.005237
09 Feb 2012,	1.002366
10 Feb 2012,	1.005733
11 Feb 2012,	0.998891
12 Feb 2012,	0.998403
13 Feb 2012,	0.998602
14 Feb 2012,	1.00068
15 Feb 2012,	1.000811
16 Feb 2012,	1.003402
17 Feb 2012,	1.001904
18 Feb 2012,	1.002808
21 Feb 2012,	1.007354
22 Feb 2012,	1.004631
23 Feb 2012,	0.9998
24 Feb 2012,	1.001904
25 Feb 2012,	1.001492
26 Feb 2012,	1.0004
27 Feb 2012,	1.0004
28 Feb 2012,	1.001512
29 Feb 2012,	1.004319
01 Mar 2012,	1.013582
02 Mar 2012,	1.015022
03 Mar 2012,	1.010887
04 Mar 2012,	1.010509
05 Mar 2012,	1.010714
06 Mar 2012,	1.006563
07 Mar 2012,	0.998208
08 Mar 2012,	1.00061
09 Mar 2012,	1.00775
10 Mar 2012,	1.010428
11 Mar 2012,	1.009591
12 Mar 2012,	1.009591
13 Mar 2012,	1.005834
14 Mar 2012,	1.010203
15 Mar 2012,	1.008542
16 Mar 2012,	1.009184
17 Mar 2012,	1.008776
18 Mar 2012,	1.008065
19 Mar 2012,	1.008065
20 Mar 2012,	1.013685
21 Mar 2012,	1.007973
22 Mar 2012,	1.007435
23 Mar 2012,	1.0005
24 Mar 2012,	1.0006
25 Mar 2012,	1.001803
26 Mar 2012,	1.002004
27 Mar 2012,	1.007475
28 Mar 2012,	1.006745
29 Mar 2012,	1.001282
30 Mar 2012,	1.001001
31 Mar 2012,	1.001402
02 Apr 2012,	1.001402
03 Apr 2012,	1.008654
04 Apr 2012,	1.009255
05 Apr 2012,	1.003673
06 Apr 2012,	1.006249
07 Apr 2012,	1.002808
08 Apr 2012,	1.002808
09 Apr 2012,	1.002707
10 Apr 2012,	1.003412
11 Apr 2012,	0.996314
12 Apr 2012,	0.997307
13 Apr 2012,	1.004722
14 Apr 2012,	1.001693
15 Apr 2012,	1.0003
16 Apr 2012,	1.0005
17 Apr 2012,	0.99952
18 Apr 2012,	1.011757
19 Apr 2012,	1.008664
20 Apr 2012,	1.005632
21 Apr 2012,	1.008014
25 Apr 2012,	1.011419
26 Apr 2012,	1.016663
27 Apr 2012,	1.015538
28 Apr 2012,	1.020002
01 May 2012,	1.012248
02 May 2012,	1.015538
03 May 2012,	1.013274
04 May 2012,	1.011327
05 May 2012,	1.005126
06 May 2012,	1.001904
07 May 2012,	1.004722
08 May 2012,	1.007161
09 May 2012,	1.000971
10 May 2012,	0.99961
11 May 2012,	0.999001
12 May 2012,	1.001161
13 May 2012,	0.9998
14 May 2012,	0.9998
15 May 2012,	0.998602
16 May 2012,	0.995922
17 May 2012,	0.989413
18 May 2012,	0.983381
19 May 2012,	0.978761
20 May 2012,	0.977995
21 May 2012,	0.977995
22 May 2012,	0.980479
23 May 2012,	0.980027
24 May 2012,	0.975039
25 May 2012,	0.971647
26 May 2012,	0.971157
27 May 2012,	0.971345
28 May 2012,	0.971345
29 May 2012,	0.975705
30 May 2012,	0.975248
31 May 2012,	0.972479
01 Jun 2012,	0.967492
02 Jun 2012,	0.961446
03 Jun 2012,	0.960799
05 Jun 2012,	0.959233
06 Jun 2012,	0.962455
07 Jun 2012,	0.971421
08 Jun 2012,	0.976086
09 Jun 2012,	0.970139
10 Jun 2012,	0.973994
11 Jun 2012,	0.973994
12 Jun 2012,	0.971506
13 Jun 2012,	0.973805
14 Jun 2012,	0.974459
15 Jun 2012,	0.975049
16 Jun 2012,	0.976844
17 Jun 2012,	0.978091
18 Jun 2012,	0.978186
19 Jun 2012,	0.974944
20 Jun 2012,	0.983072
21 Jun 2012,	0.981354
22 Jun 2012,	0.9737
23 Jun 2012,	0.974649
24 Jun 2012,	0.976372
25 Jun 2012,	0.976372
26 Jun 2012,	0.971506
27 Jun 2012,	0.97561
28 Jun 2012,	0.974944
29 Jun 2012,	0.965978
30 Jun 2012,	0.98213
01 Jul 2012,	0.983671
02 Jul 2012,	0.983671
03 Jul 2012,	0.982318
04 Jul 2012,	0.987167
05 Jul 2012,	0.987737
06 Jul 2012,	0.986738
07 Jul 2012,	0.980594
08 Jul 2012,	0.982125
09 Jul 2012,	0.981162
10 Jul 2012,	0.980777
11 Jul 2012,	0.979643
12 Jul 2012,	0.980969
13 Jul 2012,	0.980498
14 Jul 2012,	0.985319
15 Jul 2012,	0.986096
16 Jul 2012,	0.986096
17 Jul 2012,	0.985028
18 Jul 2012,	0.986777
19 Jul 2012,	0.98912
20 Jul 2012,	0.991867
21 Jul 2012,	0.987752
22 Jul 2012,	0.987654
23 Jul 2012,	0.987752
24 Jul 2012,	0.982627
25 Jul 2012,	0.978656
26 Jul 2012,	0.984756
27 Jul 2012,	0.989883
28 Jul 2012,	0.99552
29 Jul 2012,	0.996612
30 Jul 2012,	0.996413
31 Jul 2012,	0.997307
01 Aug 2012,	0.997785
02 Aug 2012,	0.998682
03 Aug 2012,	0.992847
04 Aug 2012,	1.000981
05 Aug 2012,	0.998901
06 Aug 2012,	0.998901
07 Aug 2012,	1.00021
08 Aug 2012,	1.00318
09 Aug 2012,	1.005429
10 Aug 2012,	1.007557
11 Aug 2012,	1.008065
12 Aug 2012,	1.008776
13 Aug 2012,	1.00898
14 Aug 2012,	1.006948
15 Aug 2012,	1.008471
16 Aug 2012,	1.010918
17 Aug 2012,	1.013674
18 Aug 2012,	1.01101
19 Aug 2012,	1.010816
20 Aug 2012,	1.010816
21 Aug 2012,	1.011235
22 Aug 2012,	1.012043
23 Aug 2012,	1.00712
24 Aug 2012,	1.006178
25 Aug 2012,	1.008888
26 Aug 2012,	1.008369
28 Aug 2012,	1.009693
29 Aug 2012,	1.012658
30 Aug 2012,	1.012474
31 Aug 2012,	1.007293
01 Sep 2012,	1.014188
02 Sep 2012,	1.01389
03 Sep 2012,	1.01389
04 Sep 2012,	1.01424
05 Sep 2012,	1.013315
06 Sep 2012,	1.009082
07 Sep 2012,	1.017832
08 Sep 2012,	1.022589
11 Sep 2012,	1.023646
12 Sep 2012,	1.028278
13 Sep 2012,	1.02501
14 Sep 2012,	1.03146
15 Sep 2012,	1.030174
16 Sep 2012,	1.029654
17 Sep 2012,	1.029548
18 Sep 2012,	1.026388
19 Sep 2012,	1.026062
20 Sep 2012,	1.02501
21 Sep 2012,	1.02239
22 Sep 2012,	1.023772
23 Sep 2012,	1.024066
24 Sep 2012,	1.02417
25 Sep 2012,	1.020304
26 Sep 2012,	1.02145
27 Sep 2012,	1.015734
28 Sep 2012,	1.020721
29 Sep 2012,	1.016973
30 Sep 2012,	1.017087
01 Oct 2012,	1.017087
02 Oct 2012,	1.017698
03 Oct 2012,	1.016818
04 Oct 2012,	1.012556
05 Oct 2012,	1.019992
06 Oct 2012,	1.022704
07 Oct 2012,	1.021868
08 Oct 2012,	1.021764
09 Oct 2012,	1.02459
10 Oct 2012,	1.021764
11 Oct 2012,	1.020117
12 Oct 2012,	1.022809
13 Oct 2012,	1.020096
14 Oct 2012,	1.020721
15 Oct 2012,	1.020721
16 Oct 2012,	1.022066
17 Oct 2012,	1.014096
18 Oct 2012,	1.020825
19 Oct 2012,	1.018838
20 Oct 2012,	1.007151
21 Oct 2012,	1.006948
22 Oct 2012,	1.007151
23 Oct 2012,	1.006289
24 Oct 2012,	1.007151
25 Oct 2012,	1.005915
26 Oct 2012,	1.005834
27 Oct 2012,	1.001603
29 Oct 2012,	1.002607
30 Oct 2012,	0.99945
31 Oct 2012,	1.0001
01 Nov 2012,	1.0001
02 Nov 2012,	1.002828
03 Nov 2012,	1.005126
05 Nov 2012,	1.004319
06 Nov 2012,	1.003593
07 Nov 2012,	1.006532
08 Nov 2012,	1.002908
09 Nov 2012,	1.000941
10 Nov 2012,	0.999111
11 Nov 2012,	0.998403
12 Nov 2012,	0.998403
13 Nov 2012,	0.9998
14 Nov 2012,	0.998203
15 Nov 2012,	0.998263
16 Nov 2012,	0.996989
17 Nov 2012,	0.997029
18 Nov 2012,	0.998801
19 Nov 2012,	0.998702
20 Nov 2012,	1.003714
21 Nov 2012,	1.002808
22 Nov 2012,	1.001803
23 Nov 2012,	1.002175
24 Nov 2012,	1.007729
25 Nov 2012,	1.007354
26 Nov 2012,	1.007252
27 Nov 2012,	1.005126
28 Nov 2012,	1.006441
29 Nov 2012,	1.006958
30 Nov 2012,	1.007049
01 Dec 2012,	1.006517
02 Dec 2012,	1.006593
03 Dec 2012,	1.006492
04 Dec 2012,	1.006543
05 Dec 2012,	1.007176
06 Dec 2012,	1.007907
07 Dec 2012,	1.009555
08 Dec 2012,	1.011327
09 Dec 2012,	1.012095
10 Dec 2012,	1.012095
11 Dec 2012,	1.012879
12 Dec 2012,	1.013274
13 Dec 2012,	1.014667
14 Dec 2012,	1.015435
15 Dec 2012,	1.014096
16 Dec 2012,	1.014302
17 Dec 2012,	1.014147
18 Dec 2012,	1.015981
19 Dec 2012,	1.014955
20 Dec 2012,	1.013325
21 Dec 2012,	1.011757
22 Dec 2012,	1.005556
23 Dec 2012,	1.006644
24 Dec 2012,	1.006644
25 Dec 2012,	1.008471
26 Dec 2012,	1.0071
27 Dec 2012,	1.005515
28 Dec 2012,	1.005409
29 Dec 2012,	1.004636
30 Dec 2012,	1.00321
31 Dec 2012,	1.003361
01 Jan 2013,	1.003402
02 Jan 2013,	1.005884
03 Jan 2013,	1.014662
04 Jan 2013,	1.01493
05 Jan 2013,	1.014724
06 Jan 2013,	1.012863
07 Jan 2013,	1.013017
08 Jan 2013,	1.013895
09 Jan 2013,	1.012915
10 Jan 2013,	1.0133
11 Jan 2013,	1.01389
12 Jan 2013,	1.016472
13 Jan 2013,	1.015899
14 Jan 2013,	1.015899
15 Jan 2013,	1.015692
16 Jan 2013,	1.016363
17 Jan 2013,	1.014909
18 Jan 2013,	1.014816
19 Jan 2013,	1.006244
20 Jan 2013,	1.00842
21 Jan 2013,	1.008522
22 Jan 2013,	1.006522
23 Jan 2013,	1.006644
24 Jan 2013,	1.001101
25 Jan 2013,	0.997258
26 Jan 2013,	0.99199
27 Jan 2013,	0.994085
28 Jan 2013,	0.99369
29 Jan 2013,	0.992768
30 Jan 2013,	0.996557
31 Jan 2013,	0.997307
01 Feb 2013,	1.000831
02 Feb 2013,	1.001201
03 Feb 2013,	1.00321
04 Feb 2013,	1.003009
05 Feb 2013,	1.001833
06 Feb 2013,	1.00221
07 Feb 2013,	1.004374
08 Feb 2013,	1.000801
09 Feb 2013,	0.997656
10 Feb 2013,	0.997656
11 Feb 2013,	0.997755
12 Feb 2013,	0.993809
13 Feb 2013,	0.996612
14 Feb 2013,	0.998004
15 Feb 2013,	0.999201
16 Feb 2013,	0.993019
17 Feb 2013,	0.993641
18 Feb 2013,	0.993838
19 Feb 2013,	0.990275
20 Feb 2013,	0.988426
21 Feb 2013,	0.983468
22 Feb 2013,	0.981802
23 Feb 2013,	0.977876
24 Feb 2013,	0.978905
25 Feb 2013,	0.978905
26 Feb 2013,	0.973899
27 Feb 2013,	0.972384
28 Feb 2013,	0.975334
01 Mar 2013,	0.972479
02 Mar 2013,	0.971558
03 Mar 2013,	0.973994
04 Mar 2013,	0.973994
05 Mar 2013,	0.971025
06 Mar 2013,	0.971628
07 Mar 2013,	0.969946
08 Mar 2013,	0.970426
09 Mar 2013,	0.973227
10 Mar 2013,	0.972195
11 Mar 2013,	0.972148
12 Mar 2013,	0.974184
13 Mar 2013,	0.974849
14 Mar 2013,	0.973231
15 Mar 2013,	0.978143
16 Mar 2013,	0.980969
17 Mar 2013,	0.980921
18 Mar 2013,	0.980921
19 Mar 2013,	0.9789
20 Mar 2013,	0.973094
21 Mar 2013,	0.974431
22 Mar 2013,	0.975976
23 Mar 2013,	0.977804
24 Mar 2013,	0.977565
25 Mar 2013,	0.977565
26 Mar 2013,	0.978378
27 Mar 2013,	0.98256
28 Mar 2013,	0.98341
29 Mar 2013,	0.983961
30 Mar 2013,	0.982772
31 Mar 2013,	0.982898
01 Apr 2013,	0.982898
02 Apr 2013,	0.983768
03 Apr 2013,	0.985717
04 Apr 2013,	0.987006
05 Apr 2013,	0.98684
06 Apr 2013,	0.982999
07 Apr 2013,	0.986388
08 Apr 2013,	0.986388
09 Apr 2013,	0.981123
10 Apr 2013,	0.985154
11 Apr 2013,	0.984931
12 Apr 2013,	0.989218
13 Apr 2013,	0.986777
14 Apr 2013,	0.98668
15 Apr 2013,	0.98668
16 Apr 2013,	0.978565
17 Apr 2013,	0.979259
18 Apr 2013,	0.973753
19 Apr 2013,	0.974854
20 Apr 2013,	0.974336
21 Apr 2013,	0.974184
22 Apr 2013,	0.974232
23 Apr 2013,	0.973961
24 Apr 2013,	0.974564
25 Apr 2013,	0.973881
26 Apr 2013,	0.9807
27 Apr 2013,	0.983294
28 Apr 2013,	0.982801
29 Apr 2013,	0.982801
30 Apr 2013,	0.987928
01 May 2013,	0.992462
02 May 2013,	0.992019
03 May 2013,	0.991881
04 May 2013,	0.99167
05 May 2013,	0.992113
06 May 2013,	0.992113
07 May 2013,	0.992556
08 May 2013,	0.994743
09 May 2013,	0.997108
10 May 2013,	0.99681
11 May 2013,	0.988426
12 May 2013,	0.989462
13 May 2013,	0.989462
14 May 2013,	0.989423
15 May 2013,	0.984678
16 May 2013,	0.982994
17 May 2013,	0.983768
18 May 2013,	0.973146
19 May 2013,	0.972701
20 May 2013,	0.972701
21 May 2013,	0.975686
22 May 2013,	0.974564
23 May 2013,	0.964958
24 May 2013,	0.969833
25 May 2013,	0.967586
26 May 2013,	0.96903
27 May 2013,	0.96903
28 May 2013,	0.967394
29 May 2013,	0.962473
30 May 2013,	0.965517
31 May 2013,	0.970214
01 Jun 2013,	0.965978
02 Jun 2013,	0.964027
03 Jun 2013,	0.964027
04 Jun 2013,	0.974203
05 Jun 2013,	0.965372
06 Jun 2013,	0.967043
07 Jun 2013,	0.975049
08 Jun 2013,	0.97855
09 Jun 2013,	0.980733
10 Jun 2013,	0.980733
11 Jun 2013,	0.981441
12 Jun 2013,	0.980695
13 Jun 2013,	0.980195
14 Jun 2013,	0.983091
15 Jun 2013,	0.983202
16 Jun 2013,	0.983245
17 Jun 2013,	0.983245
18 Jun 2013,	0.981451
19 Jun 2013,	0.979811
20 Jun 2013,	0.982101
21 Jun 2013,	0.963749
22 Jun 2013,	0.955927
23 Jun 2013,	0.955991
24 Jun 2013,	0.955991
25 Jun 2013,	0.952109
26 Jun 2013,	0.951203
27 Jun 2013,	0.953898
28 Jun 2013,	0.954126
29 Jun 2013,	0.952014
30 Jun 2013,	0.950616
01 Jul 2013,	0.950616
02 Jul 2013,	0.952123
03 Jul 2013,	0.949032
04 Jul 2013,	0.95109
05 Jul 2013,	0.95152
06 Jul 2013,	0.944198
07 Jul 2013,	0.94509
08 Jul 2013,	0.94509
09 Jul 2013,	0.945805
10 Jul 2013,	0.949321
11 Jul 2013,	0.951493
12 Jul 2013,	0.961465
13 Jul 2013,	0.961788
14 Jul 2013,	0.961862
15 Jul 2013,	0.961862
16 Jul 2013,	0.959435
17 Jul 2013,	0.963436
18 Jul 2013,	0.960573
19 Jul 2013,	0.963414
20 Jul 2013,	0.964846
21 Jul 2013,	0.96452
22 Jul 2013,	0.96452
23 Jul 2013,	0.967445
24 Jul 2013,	0.971383
25 Jul 2013,	0.969349
26 Jul 2013,	0.973331
27 Jul 2013,	0.972573
28 Jul 2013,	0.972957
29 Jul 2013,	0.972957
30 Jul 2013,	0.9737
31 Jul 2013,	0.97052
01 Aug 2013,	0.972233
02 Aug 2013,	0.96724
03 Aug 2013,	0.962853
04 Aug 2013,	0.962626
05 Aug 2013,	0.962626
06 Aug 2013,	0.96432
07 Aug 2013,	0.964102
08 Aug 2013,	0.960029
09 Aug 2013,	0.968931
10 Aug 2013,	0.972479
11 Aug 2013,	0.972039
12 Aug 2013,	0.972039
13 Aug 2013,	0.970436
14 Aug 2013,	0.96651
15 Aug 2013,	0.967853
16 Aug 2013,	0.969749
17 Aug 2013,	0.966277
18 Aug 2013,	0.967459
19 Aug 2013,	0.967459
20 Aug 2013,	0.966931
21 Aug 2013,	0.962543
22 Aug 2013,	0.957446
23 Aug 2013,	0.95057
24 Aug 2013,	0.950841
25 Aug 2013,	0.952549
26 Aug 2013,	0.952549
27 Aug 2013,	0.951506
28 Aug 2013,	0.952585
29 Aug 2013,	0.954249
30 Aug 2013,	0.949492
31 Aug 2013,	0.950706
01 Sep 2013,	0.949028
02 Sep 2013,	0.949028
03 Sep 2013,	0.948025
04 Sep 2013,	0.949221
05 Sep 2013,	0.953062
06 Sep 2013,	0.952082
07 Sep 2013,	0.961358
08 Sep 2013,	0.960919
09 Sep 2013,	0.960919
10 Sep 2013,	0.964655
11 Sep 2013,	0.966095
12 Sep 2013,	0.969171
13 Sep 2013,	0.968631
14 Sep 2013,	0.967258
15 Sep 2013,	0.966081
16 Sep 2013,	0.966081
17 Sep 2013,	0.969119
18 Sep 2013,	0.971062
19 Sep 2013,	0.971402
20 Sep 2013,	0.975134
21 Sep 2013,	0.971794
22 Sep 2013,	0.970403
23 Sep 2013,	0.970403
24 Sep 2013,	0.972455
25 Sep 2013,	0.971109
26 Sep 2013,	0.97004
27 Sep 2013,	0.9688
28 Sep 2013,	0.970097
29 Sep 2013,	0.970294
30 Sep 2013,	0.970294
01 Oct 2013,	0.971341
02 Oct 2013,	0.968148
03 Oct 2013,	0.96827
04 Oct 2013,	0.969053
05 Oct 2013,	0.970332
06 Oct 2013,	0.971308
07 Oct 2013,	0.971308
08 Oct 2013,	0.969659
09 Oct 2013,	0.966945
10 Oct 2013,	0.961973
11 Oct 2013,	0.963373
12 Oct 2013,	0.963289
13 Oct 2013,	0.965974
14 Oct 2013,	0.965974
15 Oct 2013,	0.965908
16 Oct 2013,	0.964167
17 Oct 2013,	0.966744
18 Oct 2013,	0.971902
19 Oct 2013,	0.972162
20 Oct 2013,	0.971987
21 Oct 2013,	0.971987
22 Oct 2013,	0.971426
23 Oct 2013,	0.972006
24 Oct 2013,	0.963558
25 Oct 2013,	0.959187
26 Oct 2013,	0.957181
27 Oct 2013,	0.956814
28 Oct 2013,	0.956814
29 Oct 2013,	0.957698
30 Oct 2013,	0.955557
31 Oct 2013,	0.955521
01 Nov 2013,	0.958171
02 Nov 2013,	0.957932
03 Nov 2013,	0.959546
04 Nov 2013,	0.959546
05 Nov 2013,	0.960094
06 Nov 2013,	0.957071
07 Nov 2013,	0.959693
08 Nov 2013,	0.957625
09 Nov 2013,	0.953812
10 Nov 2013,	0.954335
11 Nov 2013,	0.954335
12 Nov 2013,	0.954522
13 Nov 2013,	0.952404
14 Nov 2013,	0.955169
15 Nov 2013,	0.952821
16 Nov 2013,	0.955721
17 Nov 2013,	0.958111
18 Nov 2013,	0.958111
19 Nov 2013,	0.959049
20 Nov 2013,	0.955384
21 Nov 2013,	0.957249
22 Nov 2013,	0.95152
23 Nov 2013,	0.949758
24 Nov 2013,	0.950968
25 Nov 2013,	0.950968
26 Nov 2013,	0.947539
27 Nov 2013,	0.948195
28 Nov 2013,	0.943886
29 Nov 2013,	0.944358
30 Nov 2013,	0.943432
01 Dec 2013,	0.941992
02 Dec 2013,	0.941992
03 Dec 2013,	0.940137
04 Dec 2013,	0.937959
05 Dec 2013,	0.935156
06 Dec 2013,	0.940221
07 Dec 2013,	0.938174
08 Dec 2013,	0.939845
09 Dec 2013,	0.939845
10 Dec 2013,	0.939624
11 Dec 2013,	0.941354
12 Dec 2013,	0.942405
13 Dec 2013,	0.939585
14 Dec 2013,	0.943276
15 Dec 2013,	0.944697
16 Dec 2013,	0.944697
17 Dec 2013,	0.945206
18 Dec 2013,	0.942378
19 Dec 2013,	0.93932
20 Dec 2013,	0.936067
21 Dec 2013,	0.936413
22 Dec 2013,	0.940035
23 Dec 2013,	0.940035
24 Dec 2013,	0.942987
25 Dec 2013,	0.941886
26 Dec 2013,	0.94042
27 Dec 2013,	0.939311
28 Dec 2013,	0.934824
29 Dec 2013,	0.933973
30 Dec 2013,	0.933973
31 Dec 2013,	0.939982
01 Jan 2014,	0.940942
02 Jan 2014,	0.941416
03 Jan 2014,	0.940327
04 Jan 2014,	0.941806
05 Jan 2014,	0.940265
06 Jan 2014,	0.940265
07 Jan 2014,	0.937734
08 Jan 2014,	0.930956
09 Jan 2014,	0.925819
10 Jan 2014,	0.92165
11 Jan 2014,	0.915701
12 Jan 2014,	0.917688
13 Jan 2014,	0.917688
14 Jan 2014,	0.919604
15 Jan 2014,	0.914537
16 Jan 2014,	0.914495
17 Jan 2014,	0.915164
18 Jan 2014,	0.912784
19 Jan 2014,	0.912205
20 Jan 2014,	0.912205
21 Jan 2014,	0.912105
22 Jan 2014,	0.911303
23 Jan 2014,	0.903289
24 Jan 2014,	0.89842
25 Jan 2014,	0.903612
26 Jan 2014,	0.902136
27 Jan 2014,	0.902136
28 Jan 2014,	0.901368
29 Jan 2014,	0.897042
30 Jan 2014,	0.897312
31 Jan 2014,	0.894935
01 Feb 2014,	0.898517
02 Feb 2014,	0.898452
03 Feb 2014,	0.898452
04 Feb 2014,	0.903204
05 Feb 2014,	0.904732
06 Feb 2014,	0.901063
07 Feb 2014,	0.903996
08 Feb 2014,	0.907886
09 Feb 2014,	0.906421
10 Feb 2014,	0.906421
11 Feb 2014,	0.90508
12 Feb 2014,	0.907145
13 Feb 2014,	0.909339
14 Feb 2014,	0.910258
15 Feb 2014,	0.910867
16 Feb 2014,	0.91066
17 Feb 2014,	0.91066
18 Feb 2014,	0.911926
19 Feb 2014,	0.913146
20 Feb 2014,	0.905608
21 Feb 2014,	0.900625
22 Feb 2014,	0.898456
23 Feb 2014,	0.89973
24 Feb 2014,	0.89973
25 Feb 2014,	0.904282
26 Feb 2014,	0.902686
27 Feb 2014,	0.899386
28 Feb 2014,	0.897175
01 Mar 2014,	0.903085
02 Mar 2014,	0.903677
03 Mar 2014,	0.903677
04 Mar 2014,	0.90164
05 Mar 2014,	0.900118
06 Mar 2014,	0.904609
07 Mar 2014,	0.911747
08 Mar 2014,	0.902075
09 Mar 2014,	0.902002
10 Mar 2014,	0.902002
11 Mar 2014,	0.900844
12 Mar 2014,	0.901478
13 Mar 2014,	0.900045
14 Mar 2014,	0.903751
15 Mar 2014,	0.90162
16 Mar 2014,	0.900856
17 Mar 2014,	0.900856
18 Mar 2014,	0.904871
19 Mar 2014,	0.902205
20 Mar 2014,	0.895255
21 Mar 2014,	0.88928
22 Mar 2014,	0.892777
23 Mar 2014,	0.890821
24 Mar 2014,	0.890821
25 Mar 2014,	0.891146
26 Mar 2014,	0.89552
27 Mar 2014,	0.898283
28 Mar 2014,	0.90483
29 Mar 2014,	0.903041
30 Mar 2014,	0.904098
31 Mar 2014,	0.904098
01 Apr 2014,	0.906023
02 Apr 2014,	0.907202
03 Apr 2014,	0.906894
04 Apr 2014,	0.905572
05 Apr 2014,	0.910776
06 Apr 2014,	0.910643
07 Apr 2014,	0.910643
08 Apr 2014,	0.911598
09 Apr 2014,	0.915386
10 Apr 2014,	0.918151
11 Apr 2014,	0.915449
12 Apr 2014,	0.911768
13 Apr 2014,	0.910917
14 Apr 2014,	0.910917
15 Apr 2014,	0.912617
16 Apr 2014,	0.910055
17 Apr 2014,	0.90848
18 Apr 2014,	0.908798
19 Apr 2014,	0.90691
20 Apr 2014,	0.907124
21 Apr 2014,	0.907124
22 Apr 2014,	0.907606
23 Apr 2014,	0.907808
24 Apr 2014,	0.906454
25 Apr 2014,	0.906396
26 Apr 2014,	0.905961
27 Apr 2014,	0.905965
28 Apr 2014,	0.906101
29 Apr 2014,	0.906812
30 Apr 2014,	0.913142
01 May 2014,	0.913484
02 May 2014,	0.911939
03 May 2014,	0.911046
04 May 2014,	0.911232
05 May 2014,	0.911232
06 May 2014,	0.912967
07 May 2014,	0.918983
08 May 2014,	0.91773
09 May 2014,	0.924253
10 May 2014,	0.917473
11 May 2014,	0.91752
12 May 2014,	0.91752
13 May 2014,	0.918164
14 May 2014,	0.915705
15 May 2014,	0.919481
16 May 2014,	0.91878
17 May 2014,	0.920001
18 May 2014,	0.920696
19 May 2014,	0.920696
20 May 2014,	0.919625
21 May 2014,	0.916876
22 May 2014,	0.914716
23 May 2014,	0.917987
24 May 2014,	0.92023
25 May 2014,	0.920416
26 May 2014,	0.920416
27 May 2014,	0.92109
28 May 2014,	0.919921
29 May 2014,	0.919004
30 May 2014,	0.922199
31 May 2014,	0.921888
01 Jun 2014,	0.922024
02 Jun 2014,	0.922024
03 Jun 2014,	0.917263
04 Jun 2014,	0.916271
05 Jun 2014,	0.914185
06 Jun 2014,	0.915047
07 Jun 2014,	0.914662
08 Jun 2014,	0.914938
09 Jun 2014,	0.914938
10 Jun 2014,	0.916393
11 Jun 2014,	0.915835
12 Jun 2014,	0.919879
13 Jun 2014,	0.921128
14 Jun 2014,	0.92081
15 Jun 2014,	0.921065
16 Jun 2014,	0.921065
17 Jun 2014,	0.921328
18 Jun 2014,	0.920437
19 Jun 2014,	0.919709
20 Jun 2014,	0.92412
21 Jun 2014,	0.929891
22 Jun 2014,	0.929558
23 Jun 2014,	0.929558
24 Jun 2014,	0.931945
25 Jun 2014,	0.931129
26 Jun 2014,	0.932644
27 Jun 2014,	0.935493
28 Jun 2014,	0.937647
29 Jun 2014,	0.937576
30 Jun 2014,	0.937576
01 Jul 2014,	0.937339
02 Jul 2014,	0.940278
03 Jul 2014,	0.937501
04 Jul 2014,	0.940813
05 Jul 2014,	0.938734
06 Jul 2014,	0.938861
07 Jul 2014,	0.938861
08 Jul 2014,	0.937036
09 Jul 2014,	0.936812
10 Jul 2014,	0.938254
11 Jul 2014,	0.93832
12 Jul 2014,	0.93201
13 Jul 2014,	0.931589
14 Jul 2014,	0.931589
15 Jul 2014,	0.933489
16 Jul 2014,	0.929588
17 Jul 2014,	0.930613
18 Jul 2014,	0.931016
19 Jul 2014,	0.931315
20 Jul 2014,	0.931532
21 Jul 2014,	0.931532
22 Jul 2014,	0.931793
23 Jul 2014,	0.931246
24 Jul 2014,	0.931736
25 Jul 2014,	0.93028
26 Jul 2014,	0.925091
27 Jul 2014,	0.924411
28 Jul 2014,	0.924411
29 Jul 2014,	0.925446
30 Jul 2014,	0.921939
31 Jul 2014,	0.916969
01 Aug 2014,	0.918497
02 Aug 2014,	0.916376
03 Aug 2014,	0.915931
04 Aug 2014,	0.915931
05 Aug 2014,	0.916636
06 Aug 2014,	0.912101
07 Aug 2014,	0.915667
08 Aug 2014,	0.915386
09 Aug 2014,	0.911369
10 Aug 2014,	0.911452
11 Aug 2014,	0.911452
12 Aug 2014,	0.915089
13 Aug 2014,	0.913709
14 Aug 2014,	0.915302
15 Aug 2014,	0.916964
16 Aug 2014,	0.91808
17 Aug 2014,	0.917389
18 Aug 2014,	0.917389
19 Aug 2014,	0.918485
20 Aug 2014,	0.913572
21 Aug 2014,	0.912863
22 Aug 2014,	0.913517
23 Aug 2014,	0.913943
25 Aug 2014,	0.913601
26 Aug 2014,	0.910722
27 Aug 2014,	0.91285
28 Aug 2014,	0.92154
29 Aug 2014,	0.92182
30 Aug 2014,	0.920247
31 Aug 2014,	0.919261
01 Sep 2014,	0.919261
02 Sep 2014,	0.920251
03 Sep 2014,	0.915839
04 Sep 2014,	0.919287
05 Sep 2014,	0.919595
06 Sep 2014,	0.918725
08 Sep 2014,	0.918911
09 Sep 2014,	0.912267
10 Sep 2014,	0.908827
11 Sep 2014,	0.913092
12 Sep 2014,	0.905379
13 Sep 2014,	0.902833
14 Sep 2014,	0.902833
15 Sep 2014,	0.90485
16 Sep 2014,	0.909819
17 Sep 2014,	0.909819
18 Sep 2014,	0.91378
19 Sep 2014,	0.912767
20 Sep 2014,	0.911797
21 Sep 2014,	0.912425
22 Sep 2014,	0.912425
23 Sep 2014,	0.906084
24 Sep 2014,	0.903032
26 Sep 2014,	0.901652
27 Sep 2014,	0.896338
28 Sep 2014,	0.896539
29 Sep 2014,	0.896539
30 Sep 2014,	0.897106
01 Oct 2014,	0.892252
02 Oct 2014,	0.894562
03 Oct 2014,	0.888557
04 Oct 2014,	0.888557
05 Oct 2014,	0.888557
06 Oct 2014,	0.894262
07 Oct 2014,	0.89439
08 Oct 2014,	0.89439
09 Oct 2014,	0.893455
10 Oct 2014,	0.895291
11 Oct 2014,	0.894843
12 Oct 2014,	0.89306
13 Oct 2014,	0.89306
14 Oct 2014,	0.892423
15 Oct 2014,	0.889075
16 Oct 2014,	0.886407
17 Oct 2014,	0.888001
18 Oct 2014,	0.888759
19 Oct 2014,	0.886556
20 Oct 2014,	0.886556
21 Oct 2014,	0.886167
22 Oct 2014,	0.891695
23 Oct 2014,	0.891691
24 Oct 2014,	0.890266
25 Oct 2014,	0.890416
26 Oct 2014,	0.890099
27 Oct 2014,	0.890099
28 Oct 2014,	0.889882
29 Oct 2014,	0.893368
30 Oct 2014,	0.89769
31 Oct 2014,	0.893871
01 Nov 2014,	0.886643
02 Nov 2014,	0.887599
03 Nov 2014,	0.887599
04 Nov 2014,	0.883342
05 Nov 2014,	0.877012
06 Nov 2014,	0.878542
07 Nov 2014,	0.874814
08 Nov 2014,	0.880305
09 Nov 2014,	0.882722
10 Nov 2014,	0.882722
11 Nov 2014,	0.881916
12 Nov 2014,	0.881329
13 Nov 2014,	0.885936
14 Nov 2014,	0.88041
15 Nov 2014,	0.884756
16 Nov 2014,	0.885736
17 Nov 2014,	0.885736
18 Nov 2014,	0.883896
19 Nov 2014,	0.883822
20 Nov 2014,	0.881457
21 Nov 2014,	0.883911
22 Nov 2014,	0.889711
23 Nov 2014,	0.890258
24 Nov 2014,	0.890258
25 Nov 2014,	0.886713
26 Nov 2014,	0.888273
27 Nov 2014,	0.889787
28 Nov 2014,	0.881418
29 Nov 2014,	0.875603
30 Nov 2014,	0.875833
01 Dec 2014,	0.875833
02 Dec 2014,	0.880324
03 Dec 2014,	0.877281
04 Dec 2014,	0.880398
05 Dec 2014,	0.879388
06 Dec 2014,	0.875542
07 Dec 2014,	0.874653
08 Dec 2014,	0.874653
09 Dec 2014,	0.8716
10 Dec 2014,	0.875197
11 Dec 2014,	0.87028
12 Dec 2014,	0.867062
13 Dec 2014,	0.866356
14 Dec 2014,	0.863334
15 Dec 2014,	0.863334
16 Dec 2014,	0.85955
17 Dec 2014,	0.860537
18 Dec 2014,	0.858111
19 Dec 2014,	0.861427
20 Dec 2014,	0.860215
21 Dec 2014,	0.861813
22 Dec 2014,	0.861813
23 Dec 2014,	0.858738
24 Dec 2014,	0.860733
25 Dec 2014,	0.860659
26 Dec 2014,	0.860289
27 Dec 2014,	0.861326
28 Dec 2014,	0.859771
29 Dec 2014,	0.859771
30 Dec 2014,	0.859513
31 Dec 2014,	0.862199
04 Jan 2015,	0.848497
05 Jan 2015,	0.848497
06 Jan 2015,	0.848353
07 Jan 2015,	0.846736
08 Jan 2015,	0.843754
09 Jan 2015,	0.846633
10 Jan 2015,	0.843313
11 Jan 2015,	0.842783
12 Jan 2015,	0.842783
13 Jan 2015,	0.837767
14 Jan 2015,	0.837574
15 Jan 2015,	0.836736
16 Jan 2015,	0.838487
17 Jan 2015,	0.83469
18 Jan 2015,	0.834324
19 Jan 2015,	0.834324
20 Jan 2015,	0.835628
21 Jan 2015,	0.827431
22 Jan 2015,	0.809258
23 Jan 2015,	0.808398
24 Jan 2015,	0.806367
25 Jan 2015,	0.804972
26 Jan 2015,	0.804972
27 Jan 2015,	0.805542
28 Jan 2015,	0.806348
29 Jan 2015,	0.803052
30 Jan 2015,	0.791233
31 Jan 2015,	0.786624
01 Feb 2015,	0.785605
02 Feb 2015,	0.785605
03 Feb 2015,	0.794051
04 Feb 2015,	0.802446
05 Feb 2015,	0.79747
06 Feb 2015,	0.804848
07 Feb 2015,	0.798725
08 Feb 2015,	0.798569
09 Feb 2015,	0.798569
10 Feb 2015,	0.803258
11 Feb 2015,	0.798614
12 Feb 2015,	0.790926
13 Feb 2015,	0.802826
14 Feb 2015,	0.803306
15 Feb 2015,	0.803139
16 Feb 2015,	0.803139
17 Feb 2015,	0.801944
18 Feb 2015,	0.806257
19 Feb 2015,	0.803084
20 Feb 2015,	0.801247
21 Feb 2015,	0.798317
22 Feb 2015,	0.797852
23 Feb 2015,	0.797852
24 Feb 2015,	0.79576
25 Feb 2015,	0.793937
26 Feb 2015,	0.804865
27 Feb 2015,	0.800189
28 Feb 2015,	0.799619
01 Mar 2015,	0.799523
02 Mar 2015,	0.799523
03 Mar 2015,	0.797378
04 Mar 2015,	0.802887
05 Mar 2015,	0.80402
06 Mar 2015,	0.801343
07 Mar 2015,	0.793109
08 Mar 2015,	0.792117
09 Mar 2015,	0.792117
10 Mar 2015,	0.794682
11 Mar 2015,	0.790242
12 Mar 2015,	0.783573
13 Mar 2015,	0.78681
14 Mar 2015,	0.782081
15 Mar 2015,	0.78231
16 Mar 2015,	0.78231
17 Mar 2015,	0.783647
18 Mar 2015,	0.783447
19 Mar 2015,	0.783665
20 Mar 2015,	0.784837
21 Mar 2015,	0.795703
22 Mar 2015,	0.796594
23 Mar 2015,	0.796594
24 Mar 2015,	0.798965
25 Mar 2015,	0.799914
26 Mar 2015,	0.797992
27 Mar 2015,	0.801565
28 Mar 2015,	0.79564
29 Mar 2015,	0.792773
30 Mar 2015,	0.792773
31 Mar 2015,	0.787749
01 Apr 2015,	0.788311
02 Apr 2015,	0.794701
03 Apr 2015,	0.795162
04 Apr 2015,	0.80141
05 Apr 2015,	0.800993
06 Apr 2015,	0.800993
07 Apr 2015,	0.80234
08 Apr 2015,	0.800253
09 Apr 2015,	0.798352
10 Apr 2015,	0.794344
11 Apr 2015,	0.794641
12 Apr 2015,	0.795554
13 Apr 2015,	0.795554
14 Apr 2015,	0.793808
15 Apr 2015,	0.800916
16 Apr 2015,	0.812232
17 Apr 2015,	0.822135
18 Apr 2015,	0.816993
19 Apr 2015,	0.81692
20 Apr 2015,	0.81692
21 Apr 2015,	0.817588
22 Apr 2015,	0.81415
23 Apr 2015,	0.817361
24 Apr 2015,	0.823649
25 Apr 2015,	0.821659
26 Apr 2015,	0.820853
27 Apr 2015,	0.820853
28 Apr 2015,	0.825689
29 Apr 2015,	0.831082
30 Apr 2015,	0.835303
01 May 2015,	0.826173
02 May 2015,	0.822044
03 May 2015,	0.822453
04 May 2015,	0.822453
05 May 2015,	0.82543
06 May 2015,	0.829772
07 May 2015,	0.830379
08 May 2015,	0.822673
09 May 2015,	0.828339
10 May 2015,	0.827928
11 May 2015,	0.827928
12 May 2015,	0.827082
13 May 2015,	0.833653
14 May 2015,	0.836999
15 May 2015,	0.833792
16 May 2015,	0.83149
17 May 2015,	0.832362
18 May 2015,	0.832362
19 May 2015,	0.823215
20 May 2015,	0.817367
21 May 2015,	0.819642
22 May 2015,	0.819548
23 May 2015,	0.812051
24 May 2015,	0.814399
25 May 2015,	0.814399
26 May 2015,	0.81211
27 May 2015,	0.804855
28 May 2015,	0.801439
29 May 2015,	0.803426
30 May 2015,	0.802761
31 May 2015,	0.80289
01 Jun 2015,	0.80289
02 Jun 2015,	0.797474
03 Jun 2015,	0.806985
04 Jun 2015,	0.802407
05 Jun 2015,	0.800541
06 Jun 2015,	0.80234
07 Jun 2015,	0.804072
08 Jun 2015,	0.804072
09 Jun 2015,	0.804787
10 Jun 2015,	0.810599
11 Jun 2015,	0.81412
12 Jun 2015,	0.812239
13 Jun 2015,	0.812196
14 Jun 2015,	0.812097
15 Jun 2015,	0.812097
16 Jun 2015,	0.812552
17 Jun 2015,	0.811682
18 Jun 2015,	0.811458
19 Jun 2015,	0.817037
20 Jun 2015,	0.815428
21 Jun 2015,	0.814959
22 Jun 2015,	0.814959
23 Jun 2015,	0.81151
24 Jun 2015,	0.810396
25 Jun 2015,	0.807582
26 Jun 2015,	0.810222
27 Jun 2015,	0.810895
28 Jun 2015,	0.811761
29 Jun 2015,	0.811761
30 Jun 2015,	0.807852
01 Jul 2015,	0.800596
02 Jul 2015,	0.794218
03 Jul 2015,	0.796308
04 Jul 2015,	0.795735
05 Jul 2015,	0.795437
06 Jul 2015,	0.795437
07 Jul 2015,	0.790604
08 Jul 2015,	0.784572
09 Jul 2015,	0.785268
10 Jul 2015,	0.785426
11 Jul 2015,	0.785642
12 Jul 2015,	0.789868
13 Jul 2015,	0.789868
14 Jul 2015,	0.78416
15 Jul 2015,	0.784464
16 Jul 2015,	0.773066
17 Jul 2015,	0.77241
18 Jul 2015,	0.76955
19 Jul 2015,	0.770719
20 Jul 2015,	0.770719
21 Jul 2015,	0.769506
22 Jul 2015,	0.772061
23 Jul 2015,	0.768049
24 Jul 2015,	0.768412
25 Jul 2015,	0.765131
26 Jul 2015,	0.766507
27 Jul 2015,	0.766507
28 Jul 2015,	0.767548
29 Jul 2015,	0.773829
30 Jul 2015,	0.775705
31 Jul 2015,	0.76861
01 Aug 2015,	0.765433
02 Aug 2015,	0.76398
03 Aug 2015,	0.76398
04 Aug 2015,	0.760835
05 Aug 2015,	0.759379
06 Aug 2015,	0.758702
07 Aug 2015,	0.761797
08 Aug 2015,	0.762352
09 Aug 2015,	0.761354
10 Aug 2015,	0.761354
11 Aug 2015,	0.767471
12 Aug 2015,	0.761641
13 Aug 2015,	0.769853
14 Aug 2015,	0.764532
15 Aug 2015,	0.765026
16 Aug 2015,	0.763545
17 Aug 2015,	0.763545
18 Aug 2015,	0.764935
19 Aug 2015,	0.764968
20 Aug 2015,	0.761913
21 Aug 2015,	0.763857
22 Aug 2015,	0.759824
23 Aug 2015,	0.758285
24 Aug 2015,	0.758285
25 Aug 2015,	0.75685
26 Aug 2015,	0.749552
27 Aug 2015,	0.749763
28 Aug 2015,	0.755715
29 Aug 2015,	0.756144
30 Aug 2015,	0.757355
31 Aug 2015,	0.757355
01 Sep 2015,	0.758093
02 Sep 2015,	0.758676
03 Sep 2015,	0.753659
04 Sep 2015,	0.757369
05 Sep 2015,	0.755316
06 Sep 2015,	0.753125
07 Sep 2015,	0.753125
08 Sep 2015,	0.75149
09 Sep 2015,	0.757538
10 Sep 2015,	0.756095
11 Sep 2015,	0.757263
12 Sep 2015,	0.75373
13 Sep 2015,	0.754068
14 Sep 2015,	0.754068
15 Sep 2015,	0.753829
16 Sep 2015,	0.754119
17 Sep 2015,	0.758524
18 Sep 2015,	0.758208
19 Sep 2015,	0.760488
20 Sep 2015,	0.756029
21 Sep 2015,	0.756029
22 Sep 2015,	0.754649
23 Sep 2015,	0.753438
24 Sep 2015,	0.750272
25 Sep 2015,	0.749709
26 Sep 2015,	0.750466
27 Sep 2015,	0.750112
28 Sep 2015,	0.750112
29 Sep 2015,	0.748024
30 Sep 2015,	0.744543
01 Oct 2015,	0.748083
02 Oct 2015,	0.753491
03 Oct 2015,	0.757401
04 Oct 2015,	0.760193
05 Oct 2015,	0.760193
06 Oct 2015,	0.763234
07 Oct 2015,	0.766568
08 Oct 2015,	0.76683
09 Oct 2015,	0.767816
10 Oct 2015,	0.773647
11 Oct 2015,	0.772487
12 Oct 2015,	0.772487
13 Oct 2015,	0.771563
14 Oct 2015,	0.769515
15 Oct 2015,	0.77104
16 Oct 2015,	0.777345
17 Oct 2015,	0.773754
18 Oct 2015,	0.774042
19 Oct 2015,	0.774042
20 Oct 2015,	0.769408
21 Oct 2015,	0.771001
22 Oct 2015,	0.762675
23 Oct 2015,	0.763388
24 Oct 2015,	0.75944
25 Oct 2015,	0.759538
26 Oct 2015,	0.759538
27 Oct 2015,	0.761702
28 Oct 2015,	0.754404
29 Oct 2015,	0.761589
30 Oct 2015,	0.759091
31 Oct 2015,	0.764848
01 Nov 2015,	0.765052
02 Nov 2015,	0.765052
03 Nov 2015,	0.763796
04 Nov 2015,	0.762864
05 Nov 2015,	0.75963
06 Nov 2015,	0.759642
07 Nov 2015,	0.751484
08 Nov 2015,	0.751654
09 Nov 2015,	0.751654
10 Nov 2015,	0.753367
11 Nov 2015,	0.753886
12 Nov 2015,	0.753551
13 Nov 2015,	0.751247
14 Nov 2015,	0.749783
15 Nov 2015,	0.7505
16 Nov 2015,	0.7505
17 Nov 2015,	0.748637
18 Nov 2015,	0.750751
19 Nov 2015,	0.74912
20 Nov 2015,	0.753395
21 Nov 2015,	0.750075
22 Nov 2015,	0.749055
23 Nov 2015,	0.749055
24 Nov 2015,	0.747963
25 Nov 2015,	0.750413
26 Nov 2015,	0.752095
27 Nov 2015,	0.751936
28 Nov 2015,	0.748167
29 Nov 2015,	0.747664
30 Nov 2015,	0.747664
01 Dec 2015,	0.750356
02 Dec 2015,	0.748315
03 Dec 2015,	0.74871
04 Dec 2015,	0.747423
05 Dec 2015,	0.748119
06 Dec 2015,	0.748419
07 Dec 2015,	0.748419
08 Dec 2015,	0.740094
09 Dec 2015,	0.735478
10 Dec 2015,	0.73537
11 Dec 2015,	0.735727
12 Dec 2015,	0.7303
13 Dec 2015,	0.726911
14 Dec 2015,	0.726911
15 Dec 2015,	0.727596
16 Dec 2015,	0.728343
17 Dec 2015,	0.723893
18 Dec 2015,	0.715937
19 Dec 2015,	0.721428
20 Dec 2015,	0.716509
21 Dec 2015,	0.716509
22 Dec 2015,	0.714896
23 Dec 2015,	0.717793
24 Dec 2015,	0.720606
25 Dec 2015,	0.723215
26 Dec 2015,	0.723
27 Dec 2015,	0.724375
28 Dec 2015,	0.724375
29 Dec 2015,	0.720189
30 Dec 2015,	0.721917
31 Dec 2015,	0.720106
01 Jan 2016,	0.721709
02 Jan 2016,	0.721813
03 Jan 2016,	0.721813
04 Jan 2016,	0.721813
05 Jan 2016,	0.716145
06 Jan 2016,	0.714921
07 Jan 2016,	0.710043
08 Jan 2016,	0.71097
09 Jan 2016,	0.706989
10 Jan 2016,	0.705604
11 Jan 2016,	0.705604
12 Jan 2016,	0.703665
13 Jan 2016,	0.699611
14 Jan 2016,	0.700363
15 Jan 2016,	0.695096
16 Jan 2016,	0.688919
17 Jan 2016,	0.687959
18 Jan 2016,	0.687959
19 Jan 2016,	0.68861
20 Jan 2016,	0.688852
21 Jan 2016,	0.68526
22 Jan 2016,	0.701277
23 Jan 2016,	0.706285
24 Jan 2016,	0.707872
25 Jan 2016,	0.707872
26 Jan 2016,	0.701828
27 Jan 2016,	0.710959
28 Jan 2016,	0.712545
29 Jan 2016,	0.709892
30 Jan 2016,	0.709348
31 Jan 2016,	0.715802
01 Feb 2016,	0.715802
02 Feb 2016,	0.714133
03 Feb 2016,	0.712352
04 Feb 2016,	0.722282
05 Feb 2016,	0.729448
06 Feb 2016,	0.72097
07 Feb 2016,	0.718639
08 Feb 2016,	0.718639
09 Feb 2016,	0.717417
10 Feb 2016,	0.724344
11 Feb 2016,	0.71564
12 Feb 2016,	0.717026
13 Feb 2016,	0.72294
14 Feb 2016,	0.722204
15 Feb 2016,	0.722204
16 Feb 2016,	0.72338
17 Feb 2016,	0.721061
18 Feb 2016,	0.730388
19 Feb 2016,	0.727738
20 Feb 2016,	0.725021
21 Feb 2016,	0.726361
22 Feb 2016,	0.726361
23 Feb 2016,	0.730506
24 Feb 2016,	0.725168
25 Feb 2016,	0.726538
26 Feb 2016,	0.735294
27 Feb 2016,	0.737964
28 Feb 2016,	0.739982
29 Feb 2016,	0.739982
01 Mar 2016,	0.738989
02 Mar 2016,	0.745851
03 Mar 2016,	0.742914
04 Mar 2016,	0.746274
05 Mar 2016,	0.749738
06 Mar 2016,	0.751092
07 Mar 2016,	0.751092
08 Mar 2016,	0.752021
09 Mar 2016,	0.746408
10 Mar 2016,	0.754606
11 Mar 2016,	0.747161
12 Mar 2016,	0.757857
13 Mar 2016,	0.756578
14 Mar 2016,	0.756578
15 Mar 2016,	0.752842
16 Mar 2016,	0.747887
17 Mar 2016,	0.748433
18 Mar 2016,	0.769394
19 Mar 2016,	0.769405
20 Mar 2016,	0.76892
21 Mar 2016,	0.76892
22 Mar 2016,	0.764921
23 Mar 2016,	0.765838
24 Mar 2016,	0.757688
25 Mar 2016,	0.754148
26 Mar 2016,	0.753838
27 Mar 2016,	0.75358
28 Mar 2016,	0.75358
29 Mar 2016,	0.758492
30 Mar 2016,	0.76328
31 Mar 2016,	0.77044
01 Apr 2016,	0.77098
02 Apr 2016,	0.767654
03 Apr 2016,	0.768504
04 Apr 2016,	0.768504
05 Apr 2016,	0.767098
06 Apr 2016,	0.75863
07 Apr 2016,	0.763895
08 Apr 2016,	0.759714
09 Apr 2016,	0.768941
10 Apr 2016,	0.769776
11 Apr 2016,	0.769776
12 Apr 2016,	0.774156
13 Apr 2016,	0.782748
14 Apr 2016,	0.780628
15 Apr 2016,	0.779256
16 Apr 2016,	0.778474
17 Apr 2016,	0.779879
18 Apr 2016,	0.779879
19 Apr 2016,	0.780573
20 Apr 2016,	0.789974
21 Apr 2016,	0.792242
22 Apr 2016,	0.785376
23 Apr 2016,	0.788271
24 Apr 2016,	0.789456
25 Apr 2016,	0.789456
26 Apr 2016,	0.789017
27 Apr 2016,	0.792629
28 Apr 2016,	0.791728
29 Apr 2016,	0.798308
30 Apr 2016,	0.795339
01 May 2016,	0.796632
02 May 2016,	0.796632
03 May 2016,	0.798062
04 May 2016,	0.788668
05 May 2016,	0.776913
06 May 2016,	0.777626
07 May 2016,	0.773225
08 May 2016,	0.774671
09 May 2016,	0.774671
10 May 2016,	0.768882
11 May 2016,	0.773455
12 May 2016,	0.779189
13 May 2016,	0.778847
14 May 2016,	0.772944
15 May 2016,	0.772851
16 May 2016,	0.772851
17 May 2016,	0.775047
18 May 2016,	0.775434
19 May 2016,	0.774773
20 May 2016,	0.763983
21 May 2016,	0.762114
22 May 2016,	0.762454
23 May 2016,	0.762454
24 May 2016,	0.761774
25 May 2016,	0.760265
26 May 2016,	0.764965
27 May 2016,	0.769882
28 May 2016,	0.767519
29 May 2016,	0.76753
30 May 2016,	0.76753
31 May 2016,	0.765902
01 Jun 2016,	0.763213
02 Jun 2016,	0.764596
03 Jun 2016,	0.763586
04 Jun 2016,	0.772556
05 Jun 2016,	0.772863
06 Jun 2016,	0.772863
07 Jun 2016,	0.779059
08 Jun 2016,	0.782197
09 Jun 2016,	0.786473
10 Jun 2016,	0.785916
11 Jun 2016,	0.783368
12 Jun 2016,	0.782653
13 Jun 2016,	0.782653
14 Jun 2016,	0.782344
15 Jun 2016,	0.777823
16 Jun 2016,	0.774293
17 Jun 2016,	0.771953
18 Jun 2016,	0.776277
19 Jun 2016,	0.775588
20 Jun 2016,	0.775588
21 Jun 2016,	0.780214
22 Jun 2016,	0.780823
23 Jun 2016,	0.779089
24 Jun 2016,	0.782626
25 Jun 2016,	0.772386
26 Jun 2016,	0.769133
27 Jun 2016,	0.769133
28 Jun 2016,	0.762547
29 Jun 2016,	0.765313
30 Jun 2016,	0.768935
01 Jul 2016,	0.770336
02 Jul 2016,	0.774003
03 Jul 2016,	0.774554
04 Jul 2016,	0.774554
05 Jul 2016,	0.77818
06 Jul 2016,	0.772156
07 Jul 2016,	0.77006
08 Jul 2016,	0.768749
09 Jul 2016,	0.766069
10 Jul 2016,	0.766927
11 Jul 2016,	0.766927
12 Jul 2016,	0.761748
13 Jul 2016,	0.769083
14 Jul 2016,	0.771953
15 Jul 2016,	0.775795
16 Jul 2016,	0.771653
17 Jul 2016,	0.771159
18 Jul 2016,	0.771159
19 Jul 2016,	0.771245
20 Jul 2016,	0.76728
21 Jul 2016,	0.766424
22 Jul 2016,	0.764973
23 Jul 2016,	0.759059
24 Jul 2016,	0.761586
25 Jul 2016,	0.761586
26 Jul 2016,	0.75657
27 Jul 2016,	0.75755
28 Jul 2016,	0.756581
29 Jul 2016,	0.758947
30 Jul 2016,	0.765679
31 Jul 2016,	0.76678
01 Aug 2016,	0.76678
02 Aug 2016,	0.76356
03 Aug 2016,	0.763245
04 Aug 2016,	0.764526
05 Aug 2016,	0.768374
06 Aug 2016,	0.759382
07 Aug 2016,	0.758996
08 Aug 2016,	0.758996
09 Aug 2016,	0.760083
10 Aug 2016,	0.761432
11 Aug 2016,	0.766654
12 Aug 2016,	0.771394
13 Aug 2016,	0.771456
14 Aug 2016,	0.771819
15 Aug 2016,	0.771819
16 Aug 2016,	0.774084
17 Aug 2016,	0.778189
18 Aug 2016,	0.776811
19 Aug 2016,	0.782751
20 Aug 2016,	0.776609
21 Aug 2016,	0.777309
22 Aug 2016,	0.777152
23 Aug 2016,	0.771578
24 Aug 2016,	0.775188
25 Aug 2016,	0.773078
26 Aug 2016,	0.773156
27 Aug 2016,	0.769853
28 Aug 2016,	0.768876
29 Aug 2016,	0.769201
30 Aug 2016,	0.768678
31 Aug 2016,	0.76476
01 Sep 2016,	0.762079
02 Sep 2016,	0.769325
03 Sep 2016,	0.769595
04 Sep 2016,	0.769527
05 Sep 2016,	0.769556
06 Sep 2016,	0.773291
07 Sep 2016,	0.779226
08 Sep 2016,	0.775344
09 Sep 2016,	0.77444
10 Sep 2016,	0.766328
11 Sep 2016,	0.766348
12 Sep 2016,	0.764643
13 Sep 2016,	0.759532
14 Sep 2016,	0.759425
15 Sep 2016,	0.758593
16 Sep 2016,	0.761058
17 Sep 2016,	0.756885
18 Sep 2016,	0.756796
19 Sep 2016,	0.756802
20 Sep 2016,	0.757579
21 Sep 2016,	0.756024
22 Sep 2016,	0.757581
23 Sep 2016,	0.766163
24 Sep 2016,	0.759175
25 Sep 2016,	0.758581
26 Sep 2016,	0.758581
27 Sep 2016,	0.75726
28 Sep 2016,	0.756621
29 Sep 2016,	0.757194
30 Sep 2016,	0.759717
01 Oct 2016,	0.762274
02 Oct 2016,	0.761748
03 Oct 2016,	0.761528
04 Oct 2016,	0.762041
05 Oct 2016,	0.757125
06 Oct 2016,	0.759532
07 Oct 2016,	0.756859
08 Oct 2016,	0.753429
09 Oct 2016,	0.752078
10 Oct 2016,	0.75914
11 Oct 2016,	0.753679
12 Oct 2016,	0.754996
13 Oct 2016,	0.757777
14 Oct 2016,	0.76246
15 Oct 2016,	0.761009
16 Oct 2016,	0.760832
17 Oct 2016,	0.761449
18 Oct 2016,	0.762858
19 Oct 2016,	0.76239
20 Oct 2016,	0.75745
21 Oct 2016,	0.750309
22 Oct 2016,	0.750103
23 Oct 2016,	0.750103
24 Oct 2016,	0.746857
25 Oct 2016,	0.750272
26 Oct 2016,	0.748646
27 Oct 2016,	0.74689
28 Oct 2016,	0.747189
29 Oct 2016,	0.746505
30 Oct 2016,	0.746519
31 Oct 2016,	0.745868
01 Nov 2016,	0.746182
02 Nov 2016,	0.74648
03 Nov 2016,	0.74643
04 Nov 2016,	0.746322
05 Nov 2016,	0.746088
06 Nov 2016,	0.745962
07 Nov 2016,	0.746938
08 Nov 2016,	0.749822
09 Nov 2016,	0.745595
10 Nov 2016,	0.74214
11 Nov 2016,	0.73993
12 Nov 2016,	0.738503
13 Nov 2016,	0.738503
14 Nov 2016,	0.736307
15 Nov 2016,	0.742016
16 Nov 2016,	0.745921
17 Nov 2016,	0.74443
18 Nov 2016,	0.739771
19 Nov 2016,	0.740362
20 Nov 2016,	0.740384
21 Nov 2016,	0.744056
22 Nov 2016,	0.744604
23 Nov 2016,	0.742198
24 Nov 2016,	0.741466
25 Nov 2016,	0.740014
26 Nov 2016,	0.739593
27 Nov 2016,	0.739399
28 Nov 2016,	0.745476
29 Nov 2016,	0.743749
30 Nov 2016,	0.744081
01 Dec 2016,	0.750331
02 Dec 2016,	0.751933
03 Dec 2016,	0.752273
04 Dec 2016,	0.752361
05 Dec 2016,	0.753915
06 Dec 2016,	0.752615
07 Dec 2016,	0.754623
08 Dec 2016,	0.75637
09 Dec 2016,	0.759512
10 Dec 2016,	0.758708
11 Dec 2016,	0.758639
12 Dec 2016,	0.761023
13 Dec 2016,	0.762262
14 Dec 2016,	0.762367
15 Dec 2016,	0.746021
16 Dec 2016,	0.750379
17 Dec 2016,	0.749822
18 Dec 2016,	0.749822
19 Dec 2016,	0.746335
20 Dec 2016,	0.747552
21 Dec 2016,	0.746801
22 Dec 2016,	0.742209
23 Dec 2016,	0.739235
24 Dec 2016,	0.738089
25 Dec 2016,	0.738089
26 Dec 2016,	0.740384
27 Dec 2016,	0.737776
28 Dec 2016,	0.737485
29 Dec 2016,	0.741155
30 Dec 2016,	0.745184
31 Dec 2016,	0.744131
01 Jan 2017,	0.744131
02 Jan 2017,	0.743826
03 Jan 2017,	0.744579
04 Jan 2017,	0.751826
05 Jan 2017,	0.756541
06 Jan 2017,	0.756802
07 Jan 2017,	0.755224
08 Jan 2017,	0.755373
09 Jan 2017,	0.756321
10 Jan 2017,	0.757217
11 Jan 2017,	0.757019
12 Jan 2017,	0.761499
13 Jan 2017,	0.7612
14 Jan 2017,	0.762521
15 Jan 2017,	0.762457
16 Jan 2017,	0.759662
17 Jan 2017,	0.7657
18 Jan 2017,	0.75895
19 Jan 2017,	0.750123
20 Jan 2017,	0.749681
21 Jan 2017,	0.750159
22 Jan 2017,	0.750159
23 Jan 2017,	0.751778
24 Jan 2017,	0.760101
25 Jan 2017,	0.764994
26 Jan 2017,	0.762913
27 Jan 2017,	0.762785
28 Jan 2017,	0.760202
29 Jan 2017,	0.760485
30 Jan 2017,	0.763974
31 Jan 2017,	0.767118
01 Feb 2017,	0.763904
02 Feb 2017,	0.768211
03 Feb 2017,	0.769009
04 Feb 2017,	0.767754
05 Feb 2017,	0.767666
06 Feb 2017,	0.762605
07 Feb 2017,	0.759639
08 Feb 2017,	0.75948
09 Feb 2017,	0.761032
10 Feb 2017,	0.764985
11 Feb 2017,	0.764193
12 Feb 2017,	0.76438
13 Feb 2017,	0.764208
14 Feb 2017,	0.76384
15 Feb 2017,	0.764488
16 Feb 2017,	0.765928
17 Feb 2017,	0.762041
18 Feb 2017,	0.763726
19 Feb 2017,	0.763679
20 Feb 2017,	0.76384
21 Feb 2017,	0.760485
22 Feb 2017,	0.757834
23 Feb 2017,	0.762855
24 Feb 2017,	0.763068
25 Feb 2017,	0.763854
26 Feb 2017,	0.763854
27 Feb 2017,	0.763356
28 Feb 2017,	0.75503
01 Mar 2017,	0.749906
02 Mar 2017,	0.747272
03 Mar 2017,	0.745107
04 Mar 2017,	0.747591
05 Mar 2017,	0.747524
06 Mar 2017,	0.745515
07 Mar 2017,	0.745459
08 Mar 2017,	0.742082
09 Mar 2017,	0.740187
10 Mar 2017,	0.742669
11 Mar 2017,	0.742528
12 Mar 2017,	0.742473
13 Mar 2017,	0.744103
14 Mar 2017,	0.741699
15 Mar 2017,	0.743182
16 Mar 2017,	0.75092
17 Mar 2017,	0.749128
18 Mar 2017,	0.749221
19 Mar 2017,	0.747971
20 Mar 2017,	0.748408
21 Mar 2017,	0.750421
22 Mar 2017,	0.748994
23 Mar 2017,	0.750159
24 Mar 2017,	0.747865
25 Mar 2017,	0.747636
26 Mar 2017,	0.747636
27 Mar 2017,	0.748027
28 Mar 2017,	0.748287
29 Mar 2017,	0.747971
30 Mar 2017,	0.752774
31 Mar 2017,	0.751408
02 Apr 2017,	0.750666
03 Apr 2017,	0.746745
04 Apr 2017,	0.745579
05 Apr 2017,	0.744943
06 Apr 2017,	0.745473
07 Apr 2017,	0.746536
08 Apr 2017,	0.745829
09 Apr 2017,	0.745829
10 Apr 2017,	0.749454
11 Apr 2017,	0.75083
12 Apr 2017,	0.751589
13 Apr 2017,	0.753157
14 Apr 2017,	0.750813
15 Apr 2017,	0.750387
16 Apr 2017,	0.750328
17 Apr 2017,	0.752304
18 Apr 2017,	0.746444
19 Apr 2017,	0.742404
20 Apr 2017,	0.742107
21 Apr 2017,	0.740138
22 Apr 2017,	0.740905
23 Apr 2017,	0.740823
24 Apr 2017,	0.739738
25 Apr 2017,	0.735048
26 Apr 2017,	0.734821
27 Apr 2017,	0.733345
28 Apr 2017,	0.732139
29 Apr 2017,	0.7323
30 Apr 2017,	0.732198
01 May 2017,	0.731778
02 May 2017,	0.728558
04 May 2017,	0.727651
05 May 2017,	0.729898
06 May 2017,	0.732507
07 May 2017,	0.732507
08 May 2017,	0.729203
09 May 2017,	0.727895
10 May 2017,	0.732534
11 May 2017,	0.729717
12 May 2017,	0.728818
13 May 2017,	0.72932
14 May 2017,	0.729155
15 May 2017,	0.732778
16 May 2017,	0.736003
17 May 2017,	0.734757
18 May 2017,	0.735459
20 May 2017,	0.74019
21 May 2017,	0.740165
22 May 2017,	0.740354
23 May 2017,	0.740546
24 May 2017,	0.743066
25 May 2017,	0.743014
26 May 2017,	0.742804
27 May 2017,	0.743412
28 May 2017,	0.743412
29 May 2017,	0.74397
30 May 2017,	0.742619
31 May 2017,	0.740056
01 Jun 2017,	0.740672
02 Jun 2017,	0.74132
03 Jun 2017,	0.741372
04 Jun 2017,	0.741372
05 Jun 2017,	0.741881
06 Jun 2017,	0.743204
07 Jun 2017,	0.739653
08 Jun 2017,	0.74076
09 Jun 2017,	0.744244
10 Jun 2017,	0.742539
11 Jun 2017,	0.742694
12 Jun 2017,	0.742608
13 Jun 2017,	0.755415
14 Jun 2017,	0.756487
15 Jun 2017,	0.752528
16 Jun 2017,	0.755884
17 Jun 2017,	0.756859
18 Jun 2017,	0.756859
19 Jun 2017,	0.756699
20 Jun 2017,	0.753543
21 Jun 2017,	0.749662
22 Jun 2017,	0.755658
23 Jun 2017,	0.753844
24 Jun 2017,	0.753548
25 Jun 2017,	0.753949
26 Jun 2017,	0.754971
27 Jun 2017,	0.757604
28 Jun 2017,	0.766862
29 Jun 2017,	0.767843
30 Jun 2017,	0.76979
01 Jul 2017,	0.771397
02 Jul 2017,	0.771397
03 Jul 2017,	0.768947
04 Jul 2017,	0.773228
05 Jul 2017,	0.770004
06 Jul 2017,	0.772929
07 Jul 2017,	0.777445
08 Jul 2017,	0.776545
09 Jul 2017,	0.776669
10 Jul 2017,	0.775946
11 Jul 2017,	0.773733
12 Jul 2017,	0.786157
13 Jul 2017,	0.784976
14 Jul 2017,	0.790295
15 Jul 2017,	0.790761
16 Jul 2017,	0.790761
17 Jul 2017,	0.788811
18 Jul 2017,	0.789983
19 Jul 2017,	0.794064
20 Jul 2017,	0.794884
21 Jul 2017,	0.796841
22 Jul 2017,	0.79748
23 Jul 2017,	0.79748
24 Jul 2017,	0.799172
25 Jul 2017,	0.799891
26 Jul 2017,	0.799536
27 Jul 2017,	0.798936
28 Jul 2017,	0.803972
29 Jul 2017,	0.804279
30 Jul 2017,	0.804279
31 Jul 2017,	0.800766
01 Aug 2017,	0.797575
02 Aug 2017,	0.797006
03 Aug 2017,	0.795494
04 Aug 2017,	0.789958
05 Aug 2017,	0.79038
06 Aug 2017,	0.790358
07 Aug 2017,	0.78851
08 Aug 2017,	0.789889
09 Aug 2017,	0.78672
10 Aug 2017,	0.787033
11 Aug 2017,	0.788305
12 Aug 2017,	0.788986
13 Aug 2017,	0.788986
14 Aug 2017,	0.787188
15 Aug 2017,	0.783797
16 Aug 2017,	0.786714
17 Aug 2017,	0.79032
18 Aug 2017,	0.796042
19 Aug 2017,	0.79471
20 Aug 2017,	0.794565
21 Aug 2017,	0.794963
23 Aug 2017,	0.79576
24 Aug 2017,	0.798371
25 Aug 2017,	0.801854
26 Aug 2017,	0.80115
27 Aug 2017,	0.80125
28 Aug 2017,	0.799904
29 Aug 2017,	0.797954
30 Aug 2017,	0.79239
31 Aug 2017,	0.797798
01 Sep 2017,	0.807503
02 Sep 2017,	0.806565
03 Sep 2017,	0.806614
04 Sep 2017,	0.805922
05 Sep 2017,	0.808192
06 Sep 2017,	0.818769
07 Sep 2017,	0.822622
08 Sep 2017,	0.824148
09 Sep 2017,	0.822571
10 Sep 2017,	0.822267
11 Sep 2017,	0.824616
12 Sep 2017,	0.822054
13 Sep 2017,	0.818632
14 Sep 2017,	0.819615
15 Sep 2017,	0.819128
16 Sep 2017,	0.819904
17 Sep 2017,	0.81984
18 Sep 2017,	0.817361
19 Sep 2017,	0.814137
20 Sep 2017,	0.815724
21 Sep 2017,	0.811171
22 Sep 2017,	0.810232
23 Sep 2017,	0.810501
24 Sep 2017,	0.810734
25 Sep 2017,	0.809877
26 Sep 2017,	0.80751
27 Sep 2017,	0.804806
28 Sep 2017,	0.803833
29 Sep 2017,	0.800926
30 Sep 2017,	0.80614
01 Oct 2017,	0.8017
02 Oct 2017,	0.799376
03 Oct 2017,	0.800621
04 Oct 2017,	0.801314
05 Oct 2017,	0.796638
06 Oct 2017,	0.796568
07 Oct 2017,	0.798244
08 Oct 2017,	0.798244
09 Oct 2017,	0.797353
10 Oct 2017,	0.799968
11 Oct 2017,	0.799648
12 Oct 2017,	0.801061
14 Oct 2017,	0.80215
15 Oct 2017,	0.802021
16 Oct 2017,	0.798241
17 Oct 2017,	0.796464
18 Oct 2017,	0.801446
19 Oct 2017,	0.801581
20 Oct 2017,	0.792695
21 Oct 2017,	0.791985
22 Oct 2017,	0.79186
23 Oct 2017,	0.790817
24 Oct 2017,	0.78902
25 Oct 2017,	0.780607
26 Oct 2017,	0.77854
27 Oct 2017,	0.776943
28 Oct 2017,	0.780695
29 Oct 2017,	0.780488
30 Oct 2017,	0.779575
31 Oct 2017,	0.775281
01 Nov 2017,	0.776618
02 Nov 2017,	0.78001
03 Nov 2017,	0.783045
04 Nov 2017,	0.783481
05 Nov 2017,	0.7833
06 Nov 2017,	0.784883
07 Nov 2017,	0.781595
08 Nov 2017,	0.785481
09 Nov 2017,	0.787777
10 Nov 2017,	0.788087
11 Nov 2017,	0.788227
12 Nov 2017,	0.788227
13 Nov 2017,	0.785256
14 Nov 2017,	0.785327
15 Nov 2017,	0.782537
16 Nov 2017,	0.784754
17 Nov 2017,	0.781342
18 Nov 2017,	0.783318
19 Nov 2017,	0.783239
20 Nov 2017,	0.781366
21 Nov 2017,	0.783966
22 Nov 2017,	0.785549
23 Nov 2017,	0.786522
24 Nov 2017,	0.787423
25 Nov 2017,	0.786689
26 Nov 2017,	0.786689
27 Nov 2017,	0.784646
28 Nov 2017,	0.780997
29 Nov 2017,	0.77791
30 Nov 2017,	0.775816
01 Dec 2017,	0.787281
02 Dec 2017,	0.78832
03 Dec 2017,	0.788302
04 Dec 2017,	0.787504
05 Dec 2017,	0.787805
06 Dec 2017,	0.781754
07 Dec 2017,	0.779074
08 Dec 2017,	0.776992
09 Dec 2017,	0.778362
11 Dec 2017,	0.77805
12 Dec 2017,	0.776027
13 Dec 2017,	0.776654
14 Dec 2017,	0.778243
15 Dec 2017,	0.778928
16 Dec 2017,	0.777254
17 Dec 2017,	0.777273
18 Dec 2017,	0.777941
19 Dec 2017,	0.774488
20 Dec 2017,	0.778865
21 Dec 2017,	0.785864
22 Dec 2017,	0.784197
23 Dec 2017,	0.785453
24 Dec 2017,	0.785453
25 Dec 2017,	0.785577
26 Dec 2017,	0.788025
27 Dec 2017,	0.790461
28 Dec 2017,	0.794493
29 Dec 2017,	0.798594
30 Dec 2017,	0.795172
31 Dec 2017,	0.795387
01 Jan 2018,	0.791233
02 Jan 2018,	0.799958
03 Jan 2018,	0.79769
04 Jan 2018,	0.798457
05 Jan 2018,	0.806572
06 Jan 2018,	0.805558
07 Jan 2018,	0.805639
08 Jan 2018,	0.804813
09 Jan 2018,	0.802758
10 Jan 2018,	0.800708
11 Jan 2018,	0.79782
12 Jan 2018,	0.798776
13 Jan 2018,	0.8026
14 Jan 2018,	0.8026
15 Jan 2018,	0.805468
16 Jan 2018,	0.804994
17 Jan 2018,	0.803397
18 Jan 2018,	0.803681
19 Jan 2018,	0.802472
20 Jan 2018,	0.800288
21 Jan 2018,	0.800288
22 Jan 2018,	0.802295
23 Jan 2018,	0.803048
24 Jan 2018,	0.80934
25 Jan 2018,	0.812113
26 Jan 2018,	0.811534
27 Jan 2018,	0.812315
28 Jan 2018,	0.812315
29 Jan 2018,	0.809943
30 Jan 2018,	0.810324
31 Jan 2018,	0.812998
01 Feb 2018,	0.813968
02 Feb 2018,	0.807396
03 Feb 2018,	0.805056
04 Feb 2018,	0.805056
05 Feb 2018,	0.800772
06 Feb 2018,	0.79798
07 Feb 2018,	0.796895
08 Feb 2018,	0.793415
09 Feb 2018,	0.793988
10 Feb 2018,	0.794755
11 Feb 2018,	0.794755
12 Feb 2018,	0.792528
13 Feb 2018,	0.793607
14 Feb 2018,	0.795795
15 Feb 2018,	0.798655
16 Feb 2018,	0.798053
17 Feb 2018,	0.796273
18 Feb 2018,	0.796273
19 Feb 2018,	0.796083
20 Feb 2018,	0.792481
21 Feb 2018,	0.788591
22 Feb 2018,	0.787367
23 Feb 2018,	0.789793
24 Feb 2018,	0.791546
25 Feb 2018,	0.791546
26 Feb 2018,	0.788075
27 Feb 2018,	0.784369
28 Feb 2018,	0.780613
01 Mar 2018,	0.77911
02 Mar 2018,	0.776401
03 Mar 2018,	0.776066
04 Mar 2018,	0.776066
05 Mar 2018,	0.770769
06 Mar 2018,	0.775095
07 Mar 2018,	0.770152
08 Mar 2018,	0.772768
09 Mar 2018,	0.779688
10 Mar 2018,	0.780732
11 Mar 2018,	0.780732
12 Mar 2018,	0.779147
13 Mar 2018,	0.774141
14 Mar 2018,	0.773042
15 Mar 2018,	0.766254
16 Mar 2018,	0.763951
17 Mar 2018,	0.763271
18 Mar 2018,	0.763271
19 Mar 2018,	0.76414
20 Mar 2018,	0.764447
21 Mar 2018,	0.771361
22 Mar 2018,	0.775044
23 Mar 2018,	0.777457
24 Mar 2018,	0.775344
25 Mar 2018,	0.775344
26 Mar 2018,	0.77606
27 Mar 2018,	0.777526
28 Mar 2018,	0.775994
29 Mar 2018,	0.775338
30 Mar 2018,	0.775973
01 Apr 2018,	0.774503
02 Apr 2018,	0.77415
03 Apr 2018,	0.781445
04 Apr 2018,	0.781528
05 Apr 2018,	0.782503
06 Apr 2018,	0.784228
07 Apr 2018,	0.781219
08 Apr 2018,	0.781219
09 Apr 2018,	0.787643
10 Apr 2018,	0.793116
11 Apr 2018,	0.795719
12 Apr 2018,	0.794256
13 Apr 2018,	0.79332
14 Apr 2018,	0.79255
15 Apr 2018,	0.79255
16 Apr 2018,	0.795286
17 Apr 2018,	0.797671
18 Apr 2018,	0.789967
19 Apr 2018,	0.790905
20 Apr 2018,	0.784717
21 Apr 2018,	0.78232
22 Apr 2018,	0.78232
23 Apr 2018,	0.778322
24 Apr 2018,	0.779599
25 Apr 2018,	0.777291
26 Apr 2018,	0.777399
27 Apr 2018,	0.777995
28 Apr 2018,	0.778543
29 Apr 2018,	0.778543
30 Apr 2018,	0.779955
01 May 2018,	0.777947
02 May 2018,	0.778001
03 May 2018,	0.777929
04 May 2018,	0.77854
05 May 2018,	0.777635
06 May 2018,	0.777635
07 May 2018,	0.778377
08 May 2018,	0.77167
09 May 2018,	0.779223
10 May 2018,	0.782822
11 May 2018,	0.782179
12 May 2018,	0.779757
13 May 2018,	0.779757
14 May 2018,	0.783211
15 May 2018,	0.777829
16 May 2018,	0.781406
17 May 2018,	0.781375
18 May 2018,	0.776169
19 May 2018,	0.774803
20 May 2018,	0.774803
21 May 2018,	0.780192
22 May 2018,	0.781271
23 May 2018,	0.776027
24 May 2018,	0.775612
25 May 2018,	0.770962
26 May 2018,	0.771278
27 May 2018,	0.771278
28 May 2018,	0.768802
29 May 2018,	0.76774
30 May 2018,	0.77775
31 May 2018,	0.771477
01 Jun 2018,	0.771388
02 Jun 2018,	0.771099
03 Jun 2018,	0.771099
04 Jun 2018,	0.772693
05 Jun 2018,	0.769473
06 Jun 2018,	0.773512
07 Jun 2018,	0.770416
08 Jun 2018,	0.771798
09 Jun 2018,	0.772827
10 Jun 2018,	0.772827
11 Jun 2018,	0.769743
12 Jun 2018,	0.769746
